lkl04 1 1000 0.698
lkl04 1001 2000 0.71
lkl04 2001 3000 0.659
lkl04 3001 4000 0.688
lkl04 4001 5000 0.666
lkl04 5001 6000 0.673
lkl04 6001 7000 0.677
lkl04 7001 8000 0.699
lkl04 8001 9000 0.728
lkl04 9001 10000 0.726
lkl04 10001 11000 0.682
lkl04 11001 12000 0.704
lkl04 12001 13000 0.696
lkl04 13001 14000 0.694
lkl04 14001 15000 0.687
lkl04 15001 16000 0.679
lkl04 16001 17000 0.719
lkl04 17001 18000 0.704
lkl04 18001 19000 0.698
lkl04 19001 20000 0.72
lkl04 20001 21000 0.735
lkl04 21001 22000 0.694
lkl04 22001 23000 0.669
lkl04 23001 24000 0.714
lkl04 24001 25000 0.706
lkl04 25001 26000 0.688
lkl04 26001 27000 0.694
lkl04 27001 28000 0.684
lkl04 28001 29000 0.675
lkl04 29001 30000 0.633
lkl04 30001 31000 0.702
lkl04 31001 32000 0.695
lkl04 32001 33000 0.725
lkl04 33001 34000 0.734
lkl04 34001 35000 0.71
lkl04 35001 36000 0.7
lkl04 36001 37000 0.715
lkl04 37001 38000 0.707
lkl04 38001 39000 0.709
lkl04 39001 40000 0.717
lkl04 40001 41000 0.721
lkl04 41001 42000 0.74
lkl04 42001 43000 0.726
lkl04 43001 44000 0.723
lkl04 44001 45000 0.692
lkl04 45001 46000 0.735
lkl04 46001 47000 0.76
lkl04 47001 48000 0.737
lkl04 48001 49000 0.733
lkl04 49001 50000 0.696
lkl04 50001 51000 0.708
lkl04 51001 52000 0.673
lkl04 52001 53000 0.599
lkl04 53001 54000 0.582
lkl04 54001 55000 0.623
lkl04 55001 56000 0.628
lkl04 56001 57000 0.607
lkl04 57001 58000 0.654
lkl04 58001 59000 0.641
lkl04 59001 60000 0.639
lkl04 60001 61000 0.627
lkl04 61001 62000 0.643
lkl04 62001 63000 0.645
lkl04 63001 64000 0.684
lkl04 64001 65000 0.707
lkl04 65001 66000 0.741
lkl04 66001 67000 0.712
lkl04 67001 68000 0.738
lkl04 68001 69000 0.679
lkl04 69001 70000 0.678
lkl04 70001 71000 0.722
lkl04 71001 72000 0.674
lkl04 72001 73000 0.686
lkl04 73001 74000 0.679
lkl04 74001 75000 0.698
lkl04 75001 76000 0.725
lkl04 76001 77000 0.719
lkl04 77001 78000 0.702
lkl04 78001 79000 0.674
lkl04 79001 80000 0.71
lkl04 80001 81000 0.734
lkl04 81001 82000 0.72
lkl04 82001 83000 0.745
lkl04 83001 84000 0.712
lkl04 84001 85000 0.709
lkl04 85001 86000 0.713
lkl04 86001 87000 0.686
lkl04 87001 88000 0.72
lkl04 88001 89000 0.706
lkl04 89001 90000 0.678
lkl04 90001 91000 0.693
lkl04 91001 92000 0.665
lkl04 92001 93000 0.705
lkl04 93001 94000 0.736
lkl04 94001 95000 0.712
lkl04 95001 96000 0.69
lkl04 96001 97000 0.722
lkl04 97001 98000 0.718
lkl04 98001 99000 0.715
lkl04 99001 100000 0.73
lkl04 100001 101000 0.732
lkl04 101001 102000 0.7
lkl04 102001 103000 0.689
lkl04 103001 104000 0.698
lkl04 104001 105000 0.707
lkl04 105001 106000 0.675
lkl04 106001 107000 0.679
lkl04 107001 108000 0.696
lkl04 108001 109000 0.743
lkl04 109001 110000 0.723
lkl04 110001 111000 0.722
lkl04 111001 112000 0.685
lkl04 112001 113000 0.717
lkl04 113001 114000 0.715
lkl04 114001 115000 0.729
lkl04 115001 116000 0.619
lkl04 116001 117000 0.633
lkl04 117001 118000 0.691
lkl04 118001 119000 0.669
lkl04 119001 120000 0.679
lkl04 120001 121000 0.686
lkl04 121001 122000 0.714
lkl04 122001 123000 0.727
lkl04 123001 124000 0.706
lkl04 124001 125000 0.718
lkl04 125001 126000 0.735
lkl04 126001 127000 0.71
lkl04 127001 128000 0.678
lkl04 128001 129000 0.697
lkl04 129001 130000 0.67
lkl04 130001 131000 0.71
lkl04 131001 132000 0.71
lkl04 132001 133000 0.755
lkl04 133001 134000 0.748
lkl04 134001 135000 0.668
lkl04 135001 136000 0.712
lkl04 136001 137000 0.701
lkl04 137001 138000 0.697
lkl04 138001 139000 0.726
lkl04 139001 140000 0.687
lkl04 140001 141000 0.719
lkl04 141001 142000 0.71
lkl04 142001 143000 0.73
lkl04 143001 144000 0.699
lkl04 144001 145000 0.725
lkl04 145001 146000 0.706
lkl04 146001 147000 0.68
lkl04 147001 148000 0.675
lkl04 148001 149000 0.7
lkl04 149001 150000 0.656
lkl04 150001 151000 0.717
lkl04 151001 152000 0.705
lkl04 152001 153000 0.709
lkl04 153001 154000 0.699
lkl04 154001 155000 0.711
lkl04 155001 156000 0.686
lkl04 156001 157000 0.677
lkl04 157001 158000 0.699
lkl04 158001 159000 0.699
lkl04 159001 160000 0.705
lkl04 160001 161000 0.692
lkl04 161001 162000 0.688
lkl04 162001 163000 0.7
lkl04 163001 164000 0.733
lkl04 164001 165000 0.747
lkl04 165001 166000 0.714
lkl04 166001 167000 0.714
lkl04 167001 168000 0.715
lkl04 168001 169000 0.667
lkl04 169001 170000 0.739
lkl04 170001 171000 0.721
lkl04 171001 172000 0.708
lkl04 172001 173000 0.658
lkl04 173001 174000 0.684
lkl04 174001 175000 0.653
lkl04 175001 176000 0.668
lkl04 176001 177000 0.673
lkl04 177001 178000 0.69
lkl04 178001 179000 0.742
lkl04 179001 180000 0.696
lkl04 180001 181000 0.732
lkl04 181001 182000 0.721
lkl04 182001 183000 0.734
lkl04 183001 184000 0.682
lkl04 184001 185000 0.718
lkl04 185001 186000 0.726
lkl04 186001 187000 0.691
lkl04 187001 188000 0.692
lkl04 188001 189000 0.692
lkl04 189001 190000 0.706
lkl04 190001 191000 0.683
lkl04 191001 192000 0.695
lkl04 192001 193000 0.728
lkl04 193001 194000 0.725
lkl04 194001 195000 0.709
lkl04 195001 196000 0.686
lkl04 196001 197000 0.704
lkl04 197001 198000 0.722
lkl04 198001 199000 0.719
lkl04 199001 200000 0.68
lkl04 200001 201000 0.698
lkl04 201001 202000 0.685
lkl04 202001 203000 0.667
lkl04 203001 204000 0.699
lkl04 204001 205000 0.682
lkl04 205001 206000 0.693
lkl04 206001 207000 0.724
lkl04 207001 208000 0.725
lkl04 208001 209000 0.658
lkl04 209001 210000 0.625
lkl04 210001 211000 0.614
lkl04 211001 212000 0.658
lkl04 212001 213000 0.663
lkl04 213001 214000 0.652
lkl04 214001 215000 0.723
lkl04 215001 216000 0.692
lkl04 216001 217000 0.695
lkl04 217001 218000 0.733
lkl04 218001 219000 0.711
lkl04 219001 220000 0.716
lkl04 220001 221000 0.71
lkl04 221001 222000 0.684
lkl04 222001 223000 0.705
lkl04 223001 224000 0.718
lkl04 224001 225000 0.709
lkl04 225001 226000 0.718
lkl04 226001 227000 0.703
lkl04 227001 228000 0.71
lkl04 228001 229000 0.712
lkl04 229001 230000 0.709
lkl04 230001 231000 0.71
lkl04 231001 232000 0.683
lkl04 232001 233000 0.729
lkl04 233001 234000 0.698
lkl04 234001 235000 0.729
lkl04 235001 236000 0.756
lkl04 236001 237000 0.753
lkl04 237001 238000 0.707
lkl04 238001 239000 0.685
lkl04 239001 240000 0.663
lkl04 240001 241000 0.69
lkl04 241001 242000 0.726
lkl04 242001 243000 0.693
lkl04 243001 244000 0.655
lkl04 244001 245000 0.719
lkl04 245001 246000 0.691
lkl04 246001 247000 0.709
lkl04 247001 248000 0.745
lkl04 248001 249000 0.752
lkl04 249001 250000 0.712
lkl04 250001 251000 0.712
lkl04 251001 252000 0.655
lkl04 252001 253000 0.663
lkl04 253001 254000 0.655
lkl04 254001 255000 0.703
lkl04 255001 256000 0.72
lkl04 256001 257000 0.668
lkl04 257001 258000 0.678
lkl04 258001 259000 0.722
lkl04 259001 260000 0.701
lkl04 260001 261000 0.688
lkl04 261001 262000 0.681
lkl04 262001 263000 0.725
lkl04 263001 264000 0.698
lkl04 264001 265000 0.681
lkl04 265001 266000 0.703
lkl04 266001 267000 0.663
lkl04 267001 268000 0.695
lkl04 268001 269000 0.715
lkl04 269001 270000 0.696
lkl04 270001 271000 0.668
lkl04 271001 272000 0.671
lkl04 272001 273000 0.672
lkl04 273001 274000 0.674
lkl04 274001 275000 0.652
lkl04 275001 276000 0.649
lkl04 276001 277000 0.665
lkl04 277001 278000 0.706
lkl04 278001 279000 0.682
lkl04 279001 280000 0.729
lkl04 280001 281000 0.709
lkl04 281001 282000 0.665
lkl04 282001 283000 0.665
lkl04 283001 284000 0.71
lkl04 284001 285000 0.721
lkl04 285001 286000 0.774
lkl04 286001 287000 0.739
lkl04 287001 288000 0.708
lkl04 288001 289000 0.669
lkl04 289001 290000 0.672
lkl04 290001 291000 0.69
lkl04 291001 292000 0.726
lkl04 292001 293000 0.685
lkl04 293001 294000 0.697
lkl04 294001 295000 0.692
lkl04 295001 296000 0.728
lkl04 296001 297000 0.741
lkl04 297001 298000 0.724
lkl04 298001 299000 0.706
lkl04 299001 300000 0.729
lkl04 300001 301000 0.716
lkl04 301001 302000 0.713
lkl04 302001 303000 0.685
lkl04 303001 304000 0.718
lkl04 304001 305000 0.704
lkl04 305001 306000 0.699
lkl04 306001 307000 0.717
lkl04 307001 308000 0.721
lkl04 308001 309000 0.719
lkl04 309001 310000 0.701
lkl04 310001 311000 0.679
lkl04 311001 312000 0.69
lkl04 312001 313000 0.701
lkl04 313001 314000 0.67
lkl04 314001 315000 0.704
lkl04 315001 316000 0.699
lkl04 316001 317000 0.693
lkl04 317001 318000 0.721
lkl04 318001 319000 0.73
lkl04 319001 320000 0.74
lkl04 320001 321000 0.713
lkl04 321001 322000 0.729
lkl04 322001 323000 0.686
lkl04 323001 324000 0.703
lkl04 324001 325000 0.706
lkl04 325001 326000 0.707
lkl04 326001 327000 0.708
lkl04 327001 328000 0.686
lkl04 328001 329000 0.684
lkl04 329001 330000 0.739
lkl04 330001 331000 0.71
lkl04 331001 332000 0.733
lkl04 332001 333000 0.727
lkl04 333001 334000 0.702
lkl04 334001 335000 0.719
lkl04 335001 336000 0.703
lkl04 336001 337000 0.7
lkl04 337001 338000 0.731
lkl04 338001 339000 0.732
lkl04 339001 340000 0.707
lkl04 340001 341000 0.669
lkl04 341001 342000 0.689
lkl04 342001 343000 0.698
lkl04 343001 344000 0.712
lkl04 344001 345000 0.686
lkl04 345001 346000 0.647
lkl04 346001 347000 0.657
lkl04 347001 348000 0.709
lkl04 348001 349000 0.676
lkl04 349001 350000 0.688
lkl04 350001 351000 0.683
lkl04 351001 352000 0.731
lkl04 352001 353000 0.736
lkl04 353001 354000 0.687
lkl04 354001 355000 0.702
lkl04 355001 356000 0.681
lkl04 356001 357000 0.714
lkl04 357001 358000 0.719
lkl04 358001 359000 0.712
lkl04 359001 360000 0.668
lkl04 360001 361000 0.68
lkl04 361001 362000 0.716
lkl04 362001 363000 0.707
lkl04 363001 364000 0.727
lkl04 364001 365000 0.718
lkl04 365001 366000 0.724
lkl04 366001 367000 0.699
lkl04 367001 368000 0.671
lkl04 368001 369000 0.691
lkl04 369001 370000 0.679
lkl04 370001 371000 0.71
lkl04 371001 372000 0.72
lkl04 372001 373000 0.741
lkl04 373001 374000 0.709
lkl04 374001 375000 0.677
lkl04 375001 376000 0.674
lkl04 376001 377000 0.66
lkl04 377001 378000 0.667
lkl04 378001 379000 0.678
lkl04 379001 380000 0.727
lkl04 380001 381000 0.701
lkl04 381001 382000 0.681
lkl04 382001 383000 0.668
lkl04 383001 384000 0.688
lkl04 384001 385000 0.673
lkl04 385001 386000 0.66
lkl04 386001 387000 0.648
lkl04 387001 388000 0.681
lkl04 388001 389000 0.686
lkl04 389001 390000 0.668
lkl04 390001 391000 0.701
lkl04 391001 392000 0.694
lkl04 392001 393000 0.685
lkl04 393001 394000 0.709
lkl04 394001 395000 0.734
lkl04 395001 396000 0.702
lkl04 396001 397000 0.704
lkl04 397001 398000 0.671
lkl04 398001 399000 0.693
lkl04 399001 400000 0.703
lkl04 400001 401000 0.721
lkl04 401001 402000 0.74
lkl04 402001 403000 0.736
lkl04 403001 404000 0.698
lkl04 404001 405000 0.711
lkl04 405001 406000 0.758
lkl04 406001 407000 0.683
lkl04 407001 408000 0.708
lkl04 408001 409000 0.668
lkl04 409001 410000 0.679
lkl04 410001 411000 0.67
lkl04 411001 412000 0.743
lkl04 412001 413000 0.714
lkl04 413001 414000 0.705
lkl04 414001 415000 0.639
lkl04 415001 416000 0.704
lkl04 416001 417000 0.682
lkl04 417001 418000 0.681
lkl04 418001 419000 0.671
lkl04 419001 420000 0.673
lkl04 420001 421000 0.67
lkl04 421001 422000 0.669
lkl04 422001 423000 0.588
lkl04 423001 424000 0.594
lkl04 424001 425000 0.596
lkl04 425001 426000 0.615
lkl04 426001 427000 0.646
lkl04 427001 428000 0.654
lkl04 428001 429000 0.644
lkl04 429001 430000 0.663
lkl04 430001 431000 0.702
lkl04 431001 432000 0.71
lkl04 432001 433000 0.696
lkl04 433001 434000 0.711
lkl04 434001 435000 0.659
lkl04 435001 436000 0.67
lkl04 436001 437000 0.674
lkl04 437001 438000 0.695
lkl04 438001 439000 0.701
lkl04 439001 440000 0.67
lkl04 440001 441000 0.674
lkl04 441001 442000 0.682
lkl04 442001 443000 0.704
lkl04 443001 444000 0.755
lkl04 444001 445000 0.722
lkl04 445001 446000 0.744
lkl04 446001 447000 0.683
lkl04 447001 448000 0.684
lkl04 448001 449000 0.7
lkl04 449001 450000 0.668
lkl04 450001 451000 0.643
lkl04 451001 452000 0.706
lkl04 452001 453000 0.729
lkl04 453001 454000 0.739
lkl04 454001 455000 0.725
lkl04 455001 456000 0.692
lkl04 456001 457000 0.707
lkl04 457001 458000 0.684
lkl04 458001 459000 0.682
lkl04 459001 460000 0.71
lkl04 460001 461000 0.681
lkl04 461001 462000 0.674
lkl04 462001 463000 0.685
lkl04 463001 464000 0.635
lkl04 464001 465000 0.657
lkl04 465001 466000 0.693
lkl04 466001 467000 0.701
lkl04 467001 468000 0.662
lkl04 468001 469000 0.705
lkl04 469001 470000 0.707
lkl04 470001 471000 0.688
lkl04 471001 472000 0.683
lkl04 472001 473000 0.664
lkl04 473001 474000 0.662
lkl04 474001 475000 0.701
lkl04 475001 476000 0.702
lkl04 476001 477000 0.677
lkl04 477001 478000 0.687
lkl04 478001 479000 0.693
lkl04 479001 480000 0.677
lkl04 480001 481000 0.693
lkl04 481001 482000 0.654
lkl04 482001 483000 0.703
lkl04 483001 484000 0.725
lkl04 484001 485000 0.736
lkl04 485001 486000 0.733
lkl04 486001 487000 0.719
lkl04 487001 488000 0.738
lkl04 488001 489000 0.642
lkl04 489001 490000 0.694
lkl04 490001 491000 0.674
lkl04 491001 492000 0.677
lkl04 492001 493000 0.701
lkl04 493001 494000 0.733
lkl04 494001 495000 0.704
lkl04 495001 496000 0.72
lkl04 496001 497000 0.731
lkl04 497001 498000 0.685
lkl04 498001 499000 0.701
lkl04 499001 500000 0.696
lkl04 500001 501000 0.726
lkl04 501001 502000 0.667
lkl04 502001 503000 0.678
lkl04 503001 504000 0.687
lkl04 504001 505000 0.706
lkl04 505001 506000 0.691
lkl04 506001 507000 0.7
lkl04 507001 508000 0.71
lkl04 508001 509000 0.66
lkl04 509001 510000 0.657
lkl04 510001 511000 0.707
lkl04 511001 512000 0.687
lkl04 512001 513000 0.667
lkl04 513001 514000 0.686
lkl04 514001 515000 0.733
lkl04 515001 516000 0.706
lkl04 516001 517000 0.714
lkl04 517001 518000 0.719
lkl04 518001 519000 0.705
lkl04 519001 520000 0.697
lkl04 520001 521000 0.732
lkl04 521001 522000 0.727
lkl04 522001 523000 0.722
lkl04 523001 524000 0.718
lkl04 524001 525000 0.709
lkl04 525001 526000 0.676
lkl04 526001 527000 0.678
lkl04 527001 528000 0.69
lkl04 528001 529000 0.698
lkl04 529001 530000 0.713
lkl04 530001 531000 0.7
lkl04 531001 532000 0.653
lkl04 532001 533000 0.668
lkl04 533001 534000 0.674
lkl04 534001 535000 0.657
lkl04 535001 536000 0.65
lkl04 536001 537000 0.685
lkl04 537001 538000 0.678
lkl04 538001 539000 0.7
lkl04 539001 540000 0.733
lkl04 540001 541000 0.716
lkl04 541001 542000 0.717
lkl04 542001 543000 0.689
lkl04 543001 544000 0.743
lkl04 544001 545000 0.725
lkl04 545001 546000 0.714
lkl04 546001 547000 0.718
lkl04 547001 548000 0.705
lkl04 548001 549000 0.702
lkl04 549001 550000 0.708
lkl04 550001 551000 0.69
lkl04 551001 552000 0.705
lkl04 552001 553000 0.687
lkl04 553001 554000 0.675
lkl04 554001 555000 0.709
lkl04 555001 556000 0.667
lkl04 556001 557000 0.617
lkl04 557001 558000 0.562
lkl04 558001 559000 0.546
lkl04 559001 560000 0.529
lkl04 560001 561000 0.557
lkl04 561001 562000 0.545
lkl04 562001 563000 0.665
lkl04 563001 564000 0.699
lkl04 564001 565000 0.712
lkl04 565001 566000 0.714
lkl04 566001 567000 0.718
lkl04 567001 568000 0.738
lkl04 568001 569000 0.689
lkl04 569001 570000 0.679
lkl04 570001 571000 0.713
lkl04 571001 572000 0.725
lkl04 572001 573000 0.693
lkl04 573001 574000 0.696
lkl04 574001 575000 0.683
lkl04 575001 576000 0.726
lkl04 576001 577000 0.708
lkl04 577001 578000 0.693
lkl04 578001 579000 0.703
lkl04 579001 580000 0.753
lkl04 580001 581000 0.704
lkl04 581001 582000 0.686
lkl04 582001 583000 0.703
lkl04 583001 584000 0.699
lkl04 584001 585000 0.692
lkl04 585001 586000 0.697
lkl04 586001 587000 0.71
lkl04 587001 588000 0.727
lkl04 588001 589000 0.697
lkl04 589001 590000 0.704
lkl04 590001 591000 0.702
lkl04 591001 592000 0.731
lkl04 592001 593000 0.721
lkl04 593001 594000 0.725
lkl04 594001 595000 0.708
lkl04 595001 596000 0.72
lkl04 596001 597000 0.702
lkl04 597001 598000 0.675
lkl04 598001 599000 0.653
lkl04 599001 600000 0.708
lkl04 600001 601000 0.671
lkl04 601001 602000 0.664
lkl04 602001 603000 0.7
lkl04 603001 604000 0.686
lkl04 604001 605000 0.689
lkl04 605001 606000 0.691
lkl04 606001 607000 0.711
lkl04 607001 608000 0.698
lkl04 608001 609000 0.684
lkl04 609001 610000 0.711
lkl04 610001 611000 0.686
lkl04 611001 612000 0.664
lkl04 612001 613000 0.691
lkl04 613001 614000 0.702
lkl04 614001 615000 0.698
lkl04 615001 616000 0.681
lkl04 616001 617000 0.691
lkl04 617001 618000 0.677
lkl04 618001 619000 0.725
lkl04 619001 620000 0.686
lkl04 620001 621000 0.688
lkl04 621001 622000 0.668
lkl04 622001 623000 0.713
lkl04 623001 624000 0.679
lkl04 624001 625000 0.665
lkl04 625001 626000 0.703
lkl04 626001 627000 0.677
lkl04 627001 628000 0.668
lkl04 628001 629000 0.707
lkl04 629001 630000 0.666
lkl04 630001 631000 0.703
lkl04 631001 632000 0.715
lkl04 632001 633000 0.701
lkl04 633001 634000 0.728
lkl04 634001 635000 0.664
lkl04 635001 636000 0.706
lkl04 636001 637000 0.654
lkl04 637001 638000 0.686
lkl04 638001 639000 0.683
lkl04 639001 640000 0.686
lkl04 640001 641000 0.654
lkl04 641001 642000 0.657
lkl04 642001 643000 0.664
lkl04 643001 644000 0.704
lkl04 644001 645000 0.729
lkl04 645001 646000 0.705
lkl04 646001 647000 0.706
lkl04 647001 648000 0.708
lkl04 648001 649000 0.692
lkl04 649001 650000 0.666
lkl04 650001 651000 0.641
lkl04 651001 652000 0.637
lkl04 652001 653000 0.648
lkl04 653001 654000 0.68
lkl04 654001 655000 0.637
lkl04 655001 656000 0.647
lkl04 656001 657000 0.656
lkl04 657001 658000 0.657
lkl04 658001 659000 0.671
lkl04 659001 660000 0.705
lkl04 660001 661000 0.699
lkl04 661001 662000 0.713
lkl04 662001 663000 0.654
lkl04 663001 664000 0.654
lkl04 664001 665000 0.666
lkl04 665001 666000 0.687
lkl04 666001 667000 0.672
lkl04 667001 668000 0.699
lkl04 668001 669000 0.692
lkl04 669001 670000 0.652
lkl04 670001 671000 0.66
lkl04 671001 672000 0.678
lkl04 672001 673000 0.671
lkl04 673001 674000 0.672
lkl04 674001 675000 0.663
lkl04 675001 676000 0.684
lkl04 676001 677000 0.676
lkl04 677001 678000 0.719
lkl04 678001 679000 0.664
lkl04 679001 680000 0.652
lkl04 680001 681000 0.697
lkl04 681001 682000 0.691
lkl04 682001 683000 0.672
lkl04 683001 684000 0.694
lkl04 684001 685000 0.701
lkl04 685001 686000 0.674
lkl04 686001 687000 0.682
lkl04 687001 688000 0.688
lkl04 688001 689000 0.698
lkl04 689001 690000 0.671
lkl04 690001 691000 0.68
lkl04 691001 692000 0.713
lkl04 692001 693000 0.636
lkl04 693001 694000 0.692
lkl04 694001 695000 0.686
lkl04 695001 696000 0.654
lkl04 696001 697000 0.692
lkl04 697001 698000 0.694
lkl04 698001 699000 0.698
lkl04 699001 700000 0.721
lkl04 700001 701000 0.661
lkl04 701001 702000 0.684
lkl04 702001 703000 0.665
lkl04 703001 704000 0.701
lkl04 704001 705000 0.696
lkl04 705001 706000 0.699
lkl04 706001 707000 0.72
lkl04 707001 708000 0.675
lkl04 708001 709000 0.674
lkl04 709001 710000 0.708
lkl04 710001 711000 0.678
lkl04 711001 712000 0.715
lkl04 712001 713000 0.683
lkl04 713001 714000 0.699
lkl04 714001 715000 0.693
lkl04 715001 716000 0.71
lkl04 716001 717000 0.699
lkl04 717001 718000 0.725
lkl04 718001 719000 0.705
lkl04 719001 720000 0.713
lkl04 720001 721000 0.708
lkl04 721001 722000 0.718
lkl04 722001 723000 0.687
lkl04 723001 724000 0.705
lkl04 724001 725000 0.708
lkl04 725001 726000 0.701
lkl04 726001 727000 0.705
lkl04 727001 728000 0.675
lkl04 728001 729000 0.717
lkl04 729001 730000 0.709
lkl04 730001 731000 0.708
lkl04 731001 732000 0.669
lkl04 732001 733000 0.683
lkl04 733001 734000 0.703
lkl04 734001 735000 0.665
lkl04 735001 736000 0.679
lkl04 736001 737000 0.685
lkl04 737001 738000 0.685
lkl04 738001 739000 0.673
lkl04 739001 740000 0.673
lkl04 740001 741000 0.654
lkl04 741001 742000 0.654
lkl04 742001 743000 0.698
lkl04 743001 744000 0.679
lkl04 744001 745000 0.66
lkl04 745001 746000 0.694
lkl04 746001 747000 0.701
lkl04 747001 748000 0.693
lkl04 748001 749000 0.665
lkl04 749001 750000 0.684
lkl04 750001 751000 0.727
lkl04 751001 752000 0.708
lkl04 752001 753000 0.71
lkl04 753001 754000 0.691
lkl04 754001 755000 0.677
lkl04 755001 756000 0.717
lkl04 756001 757000 0.705
lkl04 757001 758000 0.716
lkl04 758001 759000 0.688
lkl04 759001 760000 0.713
lkl04 760001 761000 0.671
lkl04 761001 762000 0.707
lkl04 762001 763000 0.653
lkl04 763001 764000 0.705
lkl04 764001 765000 0.699
lkl04 765001 766000 0.723
lkl04 766001 767000 0.682
lkl04 767001 768000 0.67
lkl04 768001 769000 0.67
lkl04 769001 770000 0.675
lkl04 770001 771000 0.686
lkl04 771001 772000 0.692
lkl04 772001 773000 0.676
lkl04 773001 774000 0.686
lkl04 774001 775000 0.719
lkl04 775001 776000 0.706
lkl04 776001 777000 0.679
lkl04 777001 778000 0.686
lkl04 778001 779000 0.704
lkl04 779001 780000 0.731
lkl04 780001 781000 0.732
lkl04 781001 782000 0.705
lkl04 782001 783000 0.717
lkl04 783001 784000 0.669
lkl04 784001 785000 0.706
lkl04 785001 786000 0.707
lkl04 786001 787000 0.685
lkl04 787001 788000 0.715
lkl04 788001 789000 0.725
lkl04 789001 790000 0.681
lkl04 790001 791000 0.654
lkl04 791001 792000 0.704
lkl04 792001 793000 0.723
lkl04 793001 794000 0.688
lkl04 794001 795000 0.708
lkl04 795001 796000 0.742
lkl04 796001 797000 0.687
lkl04 797001 798000 0.682
lkl04 798001 799000 0.696
lkl04 799001 800000 0.704
lkl04 800001 801000 0.713
lkl04 801001 802000 0.716
lkl04 802001 803000 0.658
lkl04 803001 804000 0.693
lkl04 804001 805000 0.702
lkl04 805001 806000 0.697
lkl04 806001 807000 0.689
lkl04 807001 808000 0.662
lkl04 808001 809000 0.708
lkl04 809001 810000 0.699
lkl04 810001 811000 0.686
lkl04 811001 812000 0.704
lkl04 812001 813000 0.669
lkl04 813001 814000 0.68
lkl04 814001 815000 0.688
lkl04 815001 816000 0.691
lkl04 816001 817000 0.67
lkl04 817001 818000 0.678
lkl04 818001 819000 0.693
lkl04 819001 820000 0.692
lkl04 820001 821000 0.695
lkl04 821001 822000 0.691
lkl04 822001 823000 0.721
lkl04 823001 824000 0.696
lkl04 824001 825000 0.694
lkl04 825001 826000 0.674
lkl04 826001 827000 0.678
lkl04 827001 828000 0.676
lkl04 828001 829000 0.679
lkl04 829001 830000 0.734
lkl04 830001 831000 0.736
lkl04 831001 832000 0.707
lkl04 832001 833000 0.674
lkl04 833001 834000 0.673
lkl04 834001 835000 0.706
lkl04 835001 836000 0.689
lkl04 836001 837000 0.706
lkl04 837001 838000 0.657
lkl04 838001 839000 0.693
lkl04 839001 840000 0.714
lkl04 840001 841000 0.641
lkl04 841001 842000 0.656
lkl04 842001 843000 0.682
lkl04 843001 844000 0.739
lkl04 844001 845000 0.685
lkl04 845001 846000 0.691
lkl04 846001 847000 0.711
lkl04 847001 848000 0.701
lkl04 848001 849000 0.716
lkl04 849001 850000 0.664
lkl04 850001 851000 0.669
lkl04 851001 852000 0.678
lkl04 852001 853000 0.668
lkl04 853001 854000 0.678
lkl04 854001 855000 0.671
lkl04 855001 856000 0.67
lkl04 856001 857000 0.671
lkl04 857001 858000 0.729
lkl04 858001 859000 0.668
lkl04 859001 860000 0.71
lkl04 860001 861000 0.715
lkl04 861001 862000 0.682
lkl04 862001 863000 0.697
lkl04 863001 864000 0.711
lkl04 864001 865000 0.693
lkl04 865001 866000 0.651
lkl04 866001 867000 0.67
lkl04 867001 868000 0.66
lkl04 868001 869000 0.667
lkl04 869001 870000 0.695
lkl04 870001 871000 0.697
lkl04 871001 872000 0.706
lkl04 872001 873000 0.73
lkl04 873001 874000 0.675
lkl04 874001 875000 0.67
lkl04 875001 876000 0.689
lkl04 876001 877000 0.69
lkl04 877001 878000 0.69
lkl04 878001 879000 0.716
lkl04 879001 880000 0.707
lkl04 880001 881000 0.678
lkl04 881001 882000 0.681
lkl04 882001 883000 0.655
lkl04 883001 884000 0.67
lkl04 884001 885000 0.658
lkl04 885001 886000 0.695
lkl04 886001 887000 0.685
lkl04 887001 888000 0.718
lkl04 888001 889000 0.718
lkl04 889001 890000 0.697
lkl04 890001 891000 0.664
lkl04 891001 892000 0.681
lkl04 892001 893000 0.707
lkl04 893001 894000 0.726
lkl04 894001 895000 0.684
lkl04 895001 896000 0.7
lkl04 896001 897000 0.692
lkl04 897001 898000 0.721
lkl04 898001 899000 0.689
lkl04 899001 900000 0.687
lkl04 900001 901000 0.65
lkl04 901001 902000 0.646
lkl04 902001 903000 0.669
lkl04 903001 904000 0.67
lkl04 904001 905000 0.705
lkl04 905001 906000 0.686
lkl04 906001 907000 0.724
lkl04 907001 908000 0.692
lkl04 908001 909000 0.703
lkl04 909001 910000 0.666
lkl04 910001 911000 0.652
lkl04 911001 912000 0.679
lkl04 912001 913000 0.726
lkl04 913001 914000 0.698
lkl04 914001 915000 0.669
lkl04 915001 916000 0.726
lkl04 916001 917000 0.723
lkl04 917001 918000 0.71
lkl04 918001 919000 0.714
lkl04 919001 920000 0.673
lkl04 920001 921000 0.691
lkl04 921001 922000 0.7
lkl04 922001 923000 0.701
lkl04 923001 924000 0.714
lkl04 924001 925000 0.702
lkl04 925001 926000 0.688
lkl04 926001 927000 0.674
lkl04 927001 928000 0.693
lkl04 928001 929000 0.71
lkl04 929001 930000 0.724
lkl04 930001 931000 0.727
lkl04 931001 932000 0.684
lkl04 932001 933000 0.711
lkl04 933001 934000 0.71
lkl04 934001 935000 0.715
lkl04 935001 936000 0.693
lkl04 936001 937000 0.717
lkl04 937001 938000 0.68
lkl04 938001 939000 0.72
lkl04 939001 940000 0.754
lkl04 940001 941000 0.748
lkl04 941001 942000 0.738
lkl04 942001 943000 0.748
lkl04 943001 944000 0.686
lkl04 944001 945000 0.699
lkl04 945001 946000 0.716
lkl04 946001 947000 0.71
lkl04 947001 948000 0.691
lkl04 948001 949000 0.696
lkl04 949001 950000 0.703
lkl04 950001 951000 0.661
lkl04 951001 952000 0.689
lkl04 952001 953000 0.677
lkl04 953001 954000 0.678
lkl04 954001 955000 0.689
lkl04 955001 956000 0.699
lkl04 956001 957000 0.696
lkl04 957001 958000 0.687
lkl04 958001 959000 0.674
lkl04 959001 960000 0.691
lkl04 960001 961000 0.677
lkl04 961001 962000 0.712
lkl04 962001 963000 0.679
lkl04 963001 964000 0.687
lkl04 964001 965000 0.685
lkl04 965001 966000 0.697
lkl04 966001 967000 0.699
lkl04 967001 968000 0.688
lkl04 968001 969000 0.705
lkl04 969001 970000 0.697
lkl04 970001 971000 0.697
lkl04 971001 972000 0.687
lkl04 972001 973000 0.718
lkl04 973001 974000 0.685
lkl04 974001 975000 0.699
lkl04 975001 976000 0.674
lkl04 976001 977000 0.709
lkl04 977001 978000 0.71
lkl04 978001 979000 0.714
lkl04 979001 980000 0.708
lkl04 980001 981000 0.733
lkl04 981001 982000 0.678
lkl04 982001 983000 0.661
lkl04 983001 984000 0.68
lkl04 984001 985000 0.657
lkl04 985001 986000 0.686
lkl04 986001 987000 0.705
lkl04 987001 988000 0.652
lkl04 988001 989000 0.675
lkl04 989001 990000 0.692
lkl04 990001 991000 0.658
lkl04 991001 992000 0.677
lkl04 992001 993000 0.674
lkl04 993001 994000 0.716
lkl04 994001 995000 0.719
lkl04 995001 996000 0.713
lkl04 996001 997000 0.689
lkl04 997001 998000 0.7
lkl04 998001 999000 0.667
lkl04 999001 1000000 0.666
lkl04 1000001 1001000 0.694
lkl04 1001001 1002000 0.712
lkl04 1002001 1003000 0.683
lkl04 1003001 1004000 0.722
lkl04 1004001 1005000 0.693
lkl04 1005001 1006000 0.691
lkl04 1006001 1007000 0.721
lkl04 1007001 1008000 0.698
lkl04 1008001 1009000 0.672
lkl04 1009001 1010000 0.666
lkl04 1010001 1011000 0.707
lkl04 1011001 1012000 0.681
lkl04 1012001 1013000 0.723
lkl04 1013001 1014000 0.705
lkl04 1014001 1015000 0.663
lkl04 1015001 1016000 0.667
lkl04 1016001 1017000 0.714
lkl04 1017001 1018000 0.711
lkl04 1018001 1019000 0.696
lkl04 1019001 1020000 0.682
lkl04 1020001 1021000 0.716
lkl04 1021001 1022000 0.688
lkl04 1022001 1023000 0.689
lkl04 1023001 1024000 0.705
lkl04 1024001 1025000 0.707
lkl04 1025001 1026000 0.702
lkl04 1026001 1027000 0.725
lkl04 1027001 1028000 0.721
lkl04 1028001 1029000 0.712
lkl04 1029001 1030000 0.735
lkl04 1030001 1031000 0.696
lkl04 1031001 1032000 0.692
lkl04 1032001 1033000 0.711
lkl04 1033001 1034000 0.681
lkl04 1034001 1035000 0.695
lkl04 1035001 1036000 0.667
lkl04 1036001 1037000 0.713
lkl04 1037001 1038000 0.659
lkl04 1038001 1039000 0.7
lkl04 1039001 1040000 0.653
lkl04 1040001 1041000 0.694
lkl04 1041001 1042000 0.68
lkl04 1042001 1043000 0.68
lkl04 1043001 1044000 0.664
lkl04 1044001 1045000 0.671
lkl04 1045001 1046000 0.681
lkl04 1046001 1047000 0.68
lkl04 1047001 1048000 0.73
lkl04 1048001 1049000 0.742
lkl04 1049001 1050000 0.712
lkl04 1050001 1051000 0.698
lkl04 1051001 1052000 0.669
lkl04 1052001 1053000 0.654
lkl04 1053001 1054000 0.673
lkl04 1054001 1055000 0.695
lkl04 1055001 1056000 0.673
lkl04 1056001 1057000 0.683
lkl04 1057001 1058000 0.684
lkl04 1058001 1059000 0.701
lkl04 1059001 1060000 0.689
lkl04 1060001 1061000 0.679
lkl04 1061001 1062000 0.675
lkl04 1062001 1063000 0.657
lkl04 1063001 1064000 0.658
lkl04 1064001 1065000 0.706
lkl04 1065001 1066000 0.711
lkl04 1066001 1067000 0.677
lkl04 1067001 1068000 0.686
lkl04 1068001 1069000 0.679
lkl04 1069001 1070000 0.709
lkl04 1070001 1071000 0.653
lkl04 1071001 1072000 0.674
lkl04 1072001 1073000 0.699
lkl04 1073001 1074000 0.696
lkl04 1074001 1075000 0.729
lkl04 1075001 1076000 0.726
lkl04 1076001 1077000 0.679
lkl04 1077001 1078000 0.675
lkl04 1078001 1079000 0.711
lkl04 1079001 1080000 0.7
lkl04 1080001 1081000 0.688
lkl04 1081001 1082000 0.685
lkl04 1082001 1083000 0.69
lkl04 1083001 1084000 0.709
lkl04 1084001 1085000 0.718
lkl04 1085001 1086000 0.666
lkl04 1086001 1087000 0.665
lkl04 1087001 1088000 0.716
lkl04 1088001 1089000 0.658
lkl04 1089001 1090000 0.688
lkl04 1090001 1091000 0.704
lkl04 1091001 1092000 0.746
lkl04 1092001 1093000 0.723
lkl04 1093001 1094000 0.65
lkl04 1094001 1095000 0.654
lkl04 1095001 1096000 0.689
lkl04 1096001 1097000 0.683
lkl04 1097001 1098000 0.674
lkl04 1098001 1099000 0.716
lkl04 1099001 1100000 0.703
lkl04 1100001 1101000 0.686
lkl04 1101001 1102000 0.691
lkl04 1102001 1103000 0.707
lkl04 1103001 1104000 0.675
lkl04 1104001 1105000 0.706
lkl04 1105001 1106000 0.689
lkl04 1106001 1107000 0.69
lkl04 1107001 1108000 0.688
lkl04 1108001 1109000 0.663
lkl04 1109001 1110000 0.691
lkl04 1110001 1111000 0.678
lkl04 1111001 1112000 0.695
lkl04 1112001 1113000 0.696
lkl04 1113001 1114000 0.68
lkl04 1114001 1115000 0.673
lkl04 1115001 1116000 0.72
lkl04 1116001 1117000 0.681
lkl04 1117001 1118000 0.707
lkl04 1118001 1119000 0.718
lkl04 1119001 1120000 0.717
lkl04 1120001 1121000 0.684
lkl04 1121001 1122000 0.698
lkl04 1122001 1123000 0.664
lkl04 1123001 1124000 0.695
lkl04 1124001 1125000 0.686
lkl04 1125001 1126000 0.66
lkl04 1126001 1127000 0.635
lkl04 1127001 1128000 0.707
lkl04 1128001 1129000 0.628
lkl04 1129001 1130000 0.704
lkl04 1130001 1131000 0.684
lkl04 1131001 1132000 0.676
lkl04 1132001 1133000 0.684
lkl04 1133001 1134000 0.68
lkl04 1134001 1135000 0.695
lkl04 1135001 1136000 0.717
lkl04 1136001 1137000 0.677
lkl04 1137001 1138000 0.677
lkl04 1138001 1139000 0.7
lkl04 1139001 1140000 0.697
lkl04 1140001 1141000 0.689
lkl04 1141001 1142000 0.722
lkl04 1142001 1143000 0.704
lkl04 1143001 1144000 0.659
lkl04 1144001 1145000 0.664
lkl04 1145001 1146000 0.678
lkl04 1146001 1147000 0.704
lkl04 1147001 1148000 0.687
lkl04 1148001 1149000 0.7
lkl04 1149001 1150000 0.706
lkl04 1150001 1151000 0.692
lkl04 1151001 1152000 0.684
lkl04 1152001 1153000 0.703
lkl04 1153001 1154000 0.7
lkl04 1154001 1155000 0.701
lkl04 1155001 1156000 0.691
lkl04 1156001 1157000 0.671
lkl04 1157001 1158000 0.702
lkl04 1158001 1159000 0.685
lkl04 1159001 1160000 0.674
lkl04 1160001 1161000 0.694
lkl04 1161001 1162000 0.714
lkl04 1162001 1163000 0.686
lkl04 1163001 1164000 0.718
lkl04 1164001 1165000 0.697
lkl04 1165001 1166000 0.699
lkl04 1166001 1167000 0.7
lkl04 1167001 1168000 0.705
lkl04 1168001 1169000 0.72
lkl04 1169001 1170000 0.66
lkl04 1170001 1171000 0.675
lkl04 1171001 1172000 0.729
lkl04 1172001 1173000 0.712
lkl04 1173001 1174000 0.706
lkl04 1174001 1175000 0.686
lkl04 1175001 1176000 0.686
lkl04 1176001 1177000 0.647
lkl04 1177001 1178000 0.658
lkl04 1178001 1179000 0.676
lkl04 1179001 1180000 0.698
lkl04 1180001 1181000 0.702
lkl04 1181001 1182000 0.731
lkl04 1182001 1183000 0.718
lkl04 1183001 1184000 0.705
lkl04 1184001 1185000 0.724
lkl04 1185001 1186000 0.728
lkl04 1186001 1187000 0.72
lkl04 1187001 1188000 0.716
lkl04 1188001 1189000 0.716
lkl04 1189001 1190000 0.722
lkl04 1190001 1191000 0.712
lkl04 1191001 1192000 0.732
lkl04 1192001 1193000 0.73
lkl04 1193001 1194000 0.712
lkl04 1194001 1195000 0.68
lkl04 1195001 1196000 0.74
lkl04 1196001 1197000 0.715
lkl04 1197001 1198000 0.706
lkl04 1198001 1199000 0.686
lkl04 1199001 1200000 0.736
lkl04 1200001 1201000 0.732
lkl04 1201001 1202000 0.74
lkl04 1202001 1203000 0.698
lkl04 1203001 1204000 0.711
lkl04 1204001 1205000 0.719
lkl04 1205001 1206000 0.708
lkl04 1206001 1207000 0.688
lkl04 1207001 1208000 0.7
lkl04 1208001 1209000 0.696
lkl04 1209001 1210000 0.717
lkl04 1210001 1211000 0.668
lkl04 1211001 1212000 0.655
lkl04 1212001 1213000 0.717
lkl04 1213001 1214000 0.699
lkl04 1214001 1215000 0.697
lkl04 1215001 1216000 0.687
lkl04 1216001 1217000 0.663
lkl04 1217001 1218000 0.65
lkl04 1218001 1219000 0.671
lkl04 1219001 1220000 0.68
lkl04 1220001 1221000 0.659
lkl04 1221001 1222000 0.643
lkl04 1222001 1223000 0.654
lkl04 1223001 1224000 0.684
lkl04 1224001 1225000 0.68
lkl04 1225001 1226000 0.664
lkl04 1226001 1227000 0.638
lkl04 1227001 1228000 0.643
lkl04 1228001 1229000 0.628
lkl04 1229001 1230000 0.714
lkl04 1230001 1231000 0.723
lkl04 1231001 1232000 0.731
lkl04 1232001 1233000 0.704
lkl04 1233001 1234000 0.716
lkl04 1234001 1235000 0.724
lkl04 1235001 1236000 0.695
lkl04 1236001 1237000 0.715
lkl04 1237001 1238000 0.717
lkl04 1238001 1239000 0.693
lkl04 1239001 1240000 0.697
lkl04 1240001 1241000 0.714
lkl04 1241001 1242000 0.756
lkl04 1242001 1243000 0.72
lkl04 1243001 1244000 0.737
lkl04 1244001 1245000 0.717
lkl04 1245001 1246000 0.707
lkl04 1246001 1247000 0.678
lkl04 1247001 1248000 0.686
lkl04 1248001 1249000 0.701
lkl04 1249001 1250000 0.721
lkl04 1250001 1251000 0.714
lkl04 1251001 1252000 0.659
lkl04 1252001 1253000 0.706
lkl04 1253001 1254000 0.697
lkl04 1254001 1255000 0.682
lkl04 1255001 1256000 0.718
lkl04 1256001 1257000 0.682
lkl04 1257001 1258000 0.68
lkl04 1258001 1259000 0.667
lkl04 1259001 1260000 0.696
lkl04 1260001 1261000 0.711
lkl04 1261001 1262000 0.684
lkl04 1262001 1263000 0.71
lkl04 1263001 1264000 0.73
lkl04 1264001 1265000 0.696
lkl04 1265001 1266000 0.691
lkl04 1266001 1267000 0.706
lkl04 1267001 1268000 0.697
lkl04 1268001 1269000 0.698
lkl04 1269001 1270000 0.701
lkl04 1270001 1271000 0.708
lkl04 1271001 1272000 0.679
lkl04 1272001 1273000 0.685
lkl04 1273001 1274000 0.676
lkl04 1274001 1275000 0.701
lkl04 1275001 1276000 0.693
lkl04 1276001 1277000 0.666
lkl04 1277001 1278000 0.701
lkl04 1278001 1279000 0.691
lkl04 1279001 1280000 0.685
lkl04 1280001 1281000 0.706
lkl04 1281001 1282000 0.699
lkl04 1282001 1283000 0.69
lkl04 1283001 1284000 0.718
lkl04 1284001 1285000 0.734
lkl04 1285001 1286000 0.729
lkl04 1286001 1287000 0.731
lkl04 1287001 1288000 0.72
lkl04 1288001 1289000 0.72
lkl04 1289001 1290000 0.715
lkl04 1290001 1291000 0.69
lkl04 1291001 1292000 0.701
lkl04 1292001 1293000 0.719
lkl04 1293001 1294000 0.723
lkl04 1294001 1295000 0.707
lkl04 1295001 1296000 0.681
lkl04 1296001 1297000 0.721
lkl04 1297001 1298000 0.731
lkl04 1298001 1299000 0.695
lkl04 1299001 1300000 0.666
lkl04 1300001 1301000 0.699
lkl04 1301001 1302000 0.693
lkl04 1302001 1303000 0.669
lkl04 1303001 1304000 0.705
lkl04 1304001 1305000 0.698
lkl04 1305001 1306000 0.702
lkl04 1306001 1307000 0.673
lkl04 1307001 1308000 0.681
lkl04 1308001 1309000 0.704
lkl04 1309001 1310000 0.711
lkl04 1310001 1311000 0.727
lkl04 1311001 1312000 0.724
lkl04 1312001 1313000 0.695
lkl04 1313001 1314000 0.716
lkl04 1314001 1315000 0.706
lkl04 1315001 1316000 0.698
lkl04 1316001 1317000 0.713
lkl04 1317001 1318000 0.7
lkl04 1318001 1319000 0.734
lkl04 1319001 1320000 0.679
lkl04 1320001 1321000 0.685
lkl04 1321001 1322000 0.699
lkl04 1322001 1323000 0.705
lkl04 1323001 1324000 0.72
lkl04 1324001 1325000 0.734
lkl04 1325001 1326000 0.733
lkl04 1326001 1327000 0.742
lkl04 1327001 1328000 0.763
lkl04 1328001 1329000 0.71
lkl04 1329001 1330000 0.697
lkl04 1330001 1331000 0.762
lkl04 1331001 1332000 0.756
lkl04 1332001 1333000 0.701
lkl04 1333001 1334000 0.744
lkl04 1334001 1335000 0.722
lkl04 1335001 1336000 0.724
lkl04 1336001 1337000 0.677
lkl04 1337001 1338000 0.691
lkl04 1338001 1339000 0.692
lkl04 1339001 1340000 0.713
lkl04 1340001 1341000 0.712
lkl04 1341001 1342000 0.675
lkl04 1342001 1343000 0.701
lkl04 1343001 1344000 0.665
lkl04 1344001 1345000 0.683
lkl04 1345001 1346000 0.718
lkl04 1346001 1347000 0.703
lkl04 1347001 1348000 0.729
lkl04 1348001 1349000 0.708
lkl04 1349001 1350000 0.743
lkl04 1350001 1351000 0.736
lkl04 1351001 1352000 0.736
lkl04 1352001 1353000 0.71
lkl04 1353001 1354000 0.731
lkl04 1354001 1355000 0.713
lkl04 1355001 1356000 0.689
lkl04 1356001 1357000 0.728
lkl04 1357001 1358000 0.717
lkl04 1358001 1359000 0.739
lkl04 1359001 1360000 0.724
lkl04 1360001 1361000 0.732
lkl04 1361001 1362000 0.729
lkl04 1362001 1363000 0.732
lkl04 1363001 1364000 0.714
lkl04 1364001 1365000 0.708
lkl04 1365001 1366000 0.717
lkl04 1366001 1367000 0.752
lkl04 1367001 1368000 0.723
lkl04 1368001 1369000 0.721
lkl04 1369001 1370000 0.717
lkl04 1370001 1371000 0.685
lkl04 1371001 1372000 0.707
lkl04 1372001 1373000 0.708
lkl04 1373001 1374000 0.712
lkl04 1374001 1375000 0.708
lkl04 1375001 1376000 0.687
lkl04 1376001 1377000 0.676
lkl04 1377001 1378000 0.683
lkl04 1378001 1379000 0.694
lkl04 1379001 1380000 0.711
lkl04 1380001 1381000 0.726
lkl04 1381001 1382000 0.706
lkl04 1382001 1383000 0.695
lkl04 1383001 1384000 0.719
lkl04 1384001 1385000 0.688
lkl04 1385001 1386000 0.685
lkl04 1386001 1387000 0.717
lkl04 1387001 1388000 0.674
lkl04 1388001 1389000 0.658
lkl04 1389001 1390000 0.667
lkl04 1390001 1391000 0.69
lkl04 1391001 1392000 0.725
lkl04 1392001 1393000 0.653
lkl04 1393001 1394000 0.621
lkl04 1394001 1395000 0.637
lkl04 1395001 1396000 0.632
lkl04 1396001 1397000 0.652
lkl04 1397001 1398000 0.717
lkl04 1398001 1399000 0.727
lkl04 1399001 1400000 0.724
lkl04 1400001 1401000 0.703
lkl04 1401001 1402000 0.73
lkl04 1402001 1403000 0.746
lkl04 1403001 1404000 0.732
lkl04 1404001 1405000 0.724
lkl04 1405001 1406000 0.74
lkl04 1406001 1407000 0.737
lkl04 1407001 1408000 0.754
lkl04 1408001 1409000 0.76
lkl04 1409001 1410000 0.685
lkl04 1410001 1411000 0.686
lkl04 1411001 1412000 0.669
lkl04 1412001 1413000 0.669
lkl04 1413001 1414000 0.723
lkl04 1414001 1415000 0.72
lkl04 1415001 1416000 0.701
lkl04 1416001 1417000 0.699
lkl04 1417001 1418000 0.721
lkl04 1418001 1419000 0.721
lkl04 1419001 1420000 0.733
lkl04 1420001 1421000 0.715
lkl04 1421001 1422000 0.757
lkl04 1422001 1423000 0.731
lkl04 1423001 1424000 0.724
lkl04 1424001 1425000 0.724
lkl04 1425001 1426000 0.726
lkl04 1426001 1427000 0.676
lkl04 1427001 1428000 0.728
lkl04 1428001 1429000 0.729
lkl04 1429001 1430000 0.709
lkl04 1430001 1431000 0.721
lkl04 1431001 1432000 0.719
lkl04 1432001 1433000 0.701
lkl04 1433001 1434000 0.722
lkl04 1434001 1435000 0.682
lkl04 1435001 1436000 0.669
lkl04 1436001 1437000 0.689
lkl04 1437001 1438000 0.695
lkl04 1438001 1439000 0.714
lkl04 1439001 1440000 0.719
lkl04 1440001 1441000 0.725
lkl04 1441001 1442000 0.708
lkl04 1442001 1443000 0.684
lkl04 1443001 1444000 0.657
lkl04 1444001 1445000 0.714
lkl04 1445001 1446000 0.718
lkl04 1446001 1447000 0.697
lkl04 1447001 1448000 0.725
lkl04 1448001 1449000 0.721
lkl04 1449001 1450000 0.718
lkl04 1450001 1451000 0.714
lkl04 1451001 1452000 0.653
lkl04 1452001 1453000 0.668
lkl04 1453001 1454000 0.684
lkl04 1454001 1455000 0.651
lkl04 1455001 1456000 0.679
lkl04 1456001 1457000 0.705
lkl04 1457001 1458000 0.709
lkl04 1458001 1459000 0.71
lkl04 1459001 1460000 0.655
lkl04 1460001 1461000 0.693
lkl04 1461001 1462000 0.744
lkl04 1462001 1463000 0.711
lkl04 1463001 1464000 0.673
lkl04 1464001 1465000 0.689
lkl04 1465001 1466000 0.691
lkl04 1466001 1467000 0.731
lkl04 1467001 1468000 0.685
lkl04 1468001 1469000 0.694
lkl04 1469001 1470000 0.677
lkl04 1470001 1471000 0.683
lkl04 1471001 1472000 0.701
lkl04 1472001 1473000 0.679
lkl04 1473001 1474000 0.693
lkl04 1474001 1475000 0.649
lkl04 1475001 1476000 0.695
lkl04 1476001 1477000 0.716
lkl04 1477001 1478000 0.688
lkl04 1478001 1479000 0.69
lkl04 1479001 1480000 0.667
lkl04 1480001 1481000 0.674
lkl04 1481001 1482000 0.698
lkl04 1482001 1483000 0.701
lkl04 1483001 1484000 0.709
lkl04 1484001 1485000 0.717
lkl04 1485001 1486000 0.68
lkl04 1486001 1487000 0.658
lkl04 1487001 1488000 0.697
lkl04 1488001 1489000 0.728
lkl04 1489001 1490000 0.703
lkl04 1490001 1491000 0.704
lkl04 1491001 1492000 0.711
lkl04 1492001 1493000 0.628
lkl04 1493001 1494000 0.623
lkl04 1494001 1495000 0.614
lkl04 1495001 1496000 0.625
lkl04 1496001 1497000 0.655
lkl04 1497001 1498000 0.66
lkl04 1498001 1499000 0.607
lkl04 1499001 1500000 0.614
lkl04 1500001 1501000 0.64
lkl04 1501001 1502000 0.632
lkl04 1502001 1503000 0.634
lkl04 1503001 1504000 0.671
lkl04 1504001 1505000 0.701
lkl04 1505001 1506000 0.694
lkl04 1506001 1507000 0.711
lkl04 1507001 1508000 0.676
lkl04 1508001 1509000 0.718
lkl04 1509001 1510000 0.72
lkl04 1510001 1511000 0.685
lkl04 1511001 1512000 0.678
lkl04 1512001 1513000 0.687
lkl04 1513001 1514000 0.734
lkl04 1514001 1515000 0.725
lkl04 1515001 1516000 0.695
lkl04 1516001 1517000 0.69
lkl04 1517001 1518000 0.742
lkl04 1518001 1519000 0.722
lkl04 1519001 1520000 0.684
lkl04 1520001 1521000 0.717
lkl04 1521001 1522000 0.698
lkl04 1522001 1523000 0.7
lkl04 1523001 1524000 0.741
lkl04 1524001 1525000 0.766
lkl04 1525001 1526000 0.738
lkl04 1526001 1527000 0.727
lkl04 1527001 1528000 0.703
lkl04 1528001 1529000 0.698
lkl04 1529001 1530000 0.733
lkl04 1530001 1531000 0.682
lkl04 1531001 1532000 0.687
lkl04 1532001 1533000 0.685
lkl04 1533001 1534000 0.703
lkl04 1534001 1535000 0.704
lkl04 1535001 1536000 0.704
lkl04 1536001 1537000 0.743
lkl04 1537001 1538000 0.699
lkl04 1538001 1539000 0.694
lkl04 1539001 1540000 0.715
lkl04 1540001 1541000 0.658
lkl04 1541001 1542000 0.673
lkl04 1542001 1543000 0.722
lkl04 1543001 1544000 0.708
lkl04 1544001 1545000 0.655
lkl04 1545001 1546000 0.664
lkl04 1546001 1547000 0.71
lkl04 1547001 1548000 0.692
lkl04 1548001 1549000 0.722
lkl04 1549001 1550000 0.692
lkl04 1550001 1551000 0.693
lkl04 1551001 1552000 0.722
lkl04 1552001 1553000 0.712
lkl04 1553001 1554000 0.721
lkl04 1554001 1555000 0.708
lkl04 1555001 1556000 0.729
lkl04 1556001 1557000 0.722
lkl04 1557001 1558000 0.658
lkl04 1558001 1559000 0.674
lkl04 1559001 1560000 0.744
lkl04 1560001 1561000 0.687
lkl04 1561001 1562000 0.71
lkl04 1562001 1563000 0.7
lkl04 1563001 1564000 0.709
lkl04 1564001 1565000 0.688
lkl04 1565001 1566000 0.745
lkl04 1566001 1567000 0.745
lkl04 1567001 1568000 0.736
lkl04 1568001 1569000 0.722
lkl04 1569001 1570000 0.687
lkl04 1570001 1571000 0.665
lkl04 1571001 1572000 0.675
lkl04 1572001 1573000 0.715
lkl04 1573001 1574000 0.729
lkl04 1574001 1575000 0.704
lkl04 1575001 1576000 0.704
lkl04 1576001 1577000 0.738
lkl04 1577001 1578000 0.722
lkl04 1578001 1579000 0.725
lkl04 1579001 1580000 0.684
lkl04 1580001 1581000 0.685
lkl04 1581001 1582000 0.704
lkl04 1582001 1583000 0.707
lkl04 1583001 1584000 0.74
lkl04 1584001 1585000 0.73
lkl04 1585001 1586000 0.741
lkl04 1586001 1587000 0.675
lkl04 1587001 1588000 0.696
lkl04 1588001 1589000 0.663
lkl04 1589001 1590000 0.669
lkl04 1590001 1591000 0.664
lkl04 1591001 1592000 0.663
lkl04 1592001 1593000 0.694
lkl04 1593001 1594000 0.703
lkl04 1594001 1595000 0.622
lkl04 1595001 1596000 0.661
lkl04 1596001 1597000 0.64
lkl04 1597001 1598000 0.734
lkl04 1598001 1599000 0.719
lkl04 1599001 1600000 0.714
lkl04 1600001 1601000 0.696
lkl04 1601001 1602000 0.698
lkl04 1602001 1603000 0.701
lkl04 1603001 1604000 0.724
lkl04 1604001 1605000 0.735
lkl04 1605001 1606000 0.706
lkl04 1606001 1607000 0.727
lkl04 1607001 1608000 0.714
lkl04 1608001 1609000 0.733
lkl04 1609001 1610000 0.707
lkl04 1610001 1611000 0.71
lkl04 1611001 1612000 0.711
lkl04 1612001 1613000 0.708
lkl04 1613001 1614000 0.688
lkl04 1614001 1615000 0.718
lkl04 1615001 1616000 0.697
lkl04 1616001 1617000 0.694
lkl04 1617001 1618000 0.698
lkl04 1618001 1619000 0.691
lkl04 1619001 1620000 0.692
lkl04 1620001 1621000 0.691
lkl04 1621001 1622000 0.709
lkl04 1622001 1623000 0.709
lkl04 1623001 1624000 0.737
lkl04 1624001 1625000 0.711
lkl04 1625001 1626000 0.735
lkl04 1626001 1627000 0.724
lkl04 1627001 1628000 0.702
lkl04 1628001 1629000 0.734
lkl04 1629001 1630000 0.698
lkl04 1630001 1631000 0.698
lkl04 1631001 1632000 0.712
lkl04 1632001 1633000 0.717
lkl04 1633001 1634000 0.727
lkl04 1634001 1635000 0.708
lkl04 1635001 1636000 0.694
lkl04 1636001 1637000 0.737
lkl04 1637001 1638000 0.705
lkl04 1638001 1639000 0.714
lkl04 1639001 1640000 0.707
lkl04 1640001 1641000 0.692
lkl04 1641001 1642000 0.697
lkl04 1642001 1643000 0.684
lkl04 1643001 1644000 0.709
lkl04 1644001 1645000 0.732
lkl04 1645001 1646000 0.736
lkl04 1646001 1647000 0.704
lkl04 1647001 1648000 0.69
lkl04 1648001 1649000 0.735
lkl04 1649001 1650000 0.742
lkl04 1650001 1651000 0.726
lkl04 1651001 1652000 0.68
lkl04 1652001 1653000 0.683
lkl04 1653001 1654000 0.714
lkl04 1654001 1655000 0.717
lkl04 1655001 1656000 0.693
lkl04 1656001 1657000 0.673
lkl04 1657001 1658000 0.678
lkl04 1658001 1659000 0.674
lkl04 1659001 1660000 0.69
lkl04 1660001 1661000 0.721
lkl04 1661001 1662000 0.706
lkl04 1662001 1663000 0.72
lkl04 1663001 1664000 0.696
lkl04 1664001 1665000 0.717
lkl04 1665001 1666000 0.689
lkl04 1666001 1667000 0.684
lkl04 1667001 1668000 0.743
lkl04 1668001 1669000 0.737
lkl04 1669001 1670000 0.712
lkl04 1670001 1671000 0.686
lkl04 1671001 1672000 0.681
lkl04 1672001 1673000 0.675
lkl04 1673001 1674000 0.644
lkl04 1674001 1675000 0.674
lkl04 1675001 1676000 0.738
lkl04 1676001 1677000 0.729
lkl04 1677001 1678000 0.675
lkl04 1678001 1679000 0.749
lkl04 1679001 1680000 0.72
lkl04 1680001 1681000 0.707
lkl04 1681001 1682000 0.696
lkl04 1682001 1683000 0.692
lkl04 1683001 1684000 0.715
lkl04 1684001 1685000 0.697
lkl04 1685001 1686000 0.707
lkl04 1686001 1687000 0.688
lkl04 1687001 1688000 0.722
lkl04 1688001 1689000 0.728
lkl04 1689001 1690000 0.717
lkl04 1690001 1691000 0.729
lkl04 1691001 1692000 0.739
lkl04 1692001 1693000 0.741
lkl04 1693001 1694000 0.732
lkl04 1694001 1695000 0.734
lkl04 1695001 1696000 0.7
lkl04 1696001 1697000 0.706
lkl04 1697001 1698000 0.688
lkl04 1698001 1699000 0.685
lkl04 1699001 1700000 0.687
lkl04 1700001 1701000 0.668
lkl04 1701001 1702000 0.648
lkl04 1702001 1703000 0.638
lkl04 1703001 1704000 0.639
lkl04 1704001 1705000 0.642
lkl04 1705001 1706000 0.65
lkl04 1706001 1707000 0.675
lkl04 1707001 1708000 0.683
lkl04 1708001 1709000 0.695
lkl04 1709001 1710000 0.694
lkl04 1710001 1711000 0.652
lkl04 1711001 1712000 0.642
lkl04 1712001 1713000 0.65
lkl04 1713001 1714000 0.664
lkl04 1714001 1715000 0.671
lkl04 1715001 1716000 0.668
lkl04 1716001 1717000 0.628
lkl04 1717001 1718000 0.614
lkl04 1718001 1719000 0.665
lkl04 1719001 1720000 0.684
lkl04 1720001 1721000 0.708
lkl04 1721001 1722000 0.701
lkl04 1722001 1723000 0.696
lkl04 1723001 1724000 0.715
lkl04 1724001 1725000 0.694
lkl04 1725001 1726000 0.713
lkl04 1726001 1727000 0.667
lkl04 1727001 1728000 0.69
lkl04 1728001 1729000 0.731
lkl04 1729001 1730000 0.7
lkl04 1730001 1731000 0.708
lkl04 1731001 1732000 0.729
lkl04 1732001 1733000 0.721
lkl04 1733001 1734000 0.693
lkl04 1734001 1735000 0.7
lkl04 1735001 1736000 0.697
lkl04 1736001 1737000 0.699
lkl04 1737001 1738000 0.714
lkl04 1738001 1739000 0.726
lkl04 1739001 1740000 0.727
lkl04 1740001 1741000 0.669
lkl04 1741001 1742000 0.701
lkl04 1742001 1743000 0.718
lkl04 1743001 1744000 0.729
lkl04 1744001 1745000 0.694
lkl04 1745001 1746000 0.665
lkl04 1746001 1747000 0.668
lkl04 1747001 1748000 0.714
lkl04 1748001 1749000 0.724
lkl04 1749001 1750000 0.72
lkl04 1750001 1751000 0.701
lkl04 1751001 1752000 0.72
lkl04 1752001 1753000 0.697
lkl04 1753001 1754000 0.679
lkl04 1754001 1755000 0.678
lkl04 1755001 1756000 0.696
lkl04 1756001 1757000 0.675
lkl04 1757001 1758000 0.677
lkl04 1758001 1759000 0.677
lkl04 1759001 1760000 0.683
lkl04 1760001 1761000 0.669
lkl04 1761001 1762000 0.679
lkl04 1762001 1763000 0.649
lkl04 1763001 1764000 0.705
lkl04 1764001 1765000 0.713
lkl04 1765001 1766000 0.682
lkl04 1766001 1767000 0.719
lkl04 1767001 1768000 0.689
lkl04 1768001 1769000 0.714
lkl04 1769001 1770000 0.702
lkl04 1770001 1771000 0.697
lkl04 1771001 1772000 0.703
lkl04 1772001 1773000 0.683
lkl04 1773001 1774000 0.697
lkl04 1774001 1775000 0.739
lkl04 1775001 1776000 0.693
lkl04 1776001 1777000 0.71
lkl04 1777001 1778000 0.7
lkl04 1778001 1779000 0.67
lkl04 1779001 1780000 0.679
lkl04 1780001 1781000 0.68
lkl04 1781001 1782000 0.683
lkl04 1782001 1783000 0.693
lkl04 1783001 1784000 0.684
lkl04 1784001 1785000 0.716
lkl04 1785001 1786000 0.71
lkl04 1786001 1787000 0.714
lkl04 1787001 1788000 0.692
lkl04 1788001 1789000 0.68
lkl04 1789001 1790000 0.705
lkl04 1790001 1791000 0.691
lkl04 1791001 1792000 0.71
lkl04 1792001 1793000 0.688
lkl04 1793001 1794000 0.716
lkl04 1794001 1795000 0.71
lkl04 1795001 1796000 0.691
lkl04 1796001 1797000 0.682
lkl04 1797001 1798000 0.748
lkl04 1798001 1799000 0.71
lkl04 1799001 1800000 0.757
lkl04 1800001 1801000 0.724
lkl04 1801001 1802000 0.712
lkl04 1802001 1803000 0.692
lkl04 1803001 1804000 0.698
lkl04 1804001 1805000 0.691
lkl04 1805001 1806000 0.726
lkl04 1806001 1807000 0.703
lkl04 1807001 1808000 0.703
lkl04 1808001 1809000 0.669
lkl04 1809001 1810000 0.687
lkl04 1810001 1811000 0.711
lkl04 1811001 1812000 0.716
lkl04 1812001 1813000 0.738
lkl04 1813001 1814000 0.694
lkl04 1814001 1815000 0.67
lkl04 1815001 1816000 0.716
lkl04 1816001 1817000 0.707
lkl04 1817001 1818000 0.69
lkl04 1818001 1819000 0.7
lkl04 1819001 1820000 0.746
lkl04 1820001 1821000 0.754
lkl04 1821001 1822000 0.733
lkl04 1822001 1823000 0.679
lkl04 1823001 1824000 0.691
lkl04 1824001 1825000 0.696
lkl04 1825001 1826000 0.735
lkl04 1826001 1827000 0.708
lkl04 1827001 1828000 0.734
lkl04 1828001 1829000 0.738
lkl04 1829001 1830000 0.736
lkl04 1830001 1831000 0.667
lkl04 1831001 1832000 0.698
lkl04 1832001 1833000 0.697
lkl04 1833001 1834000 0.696
lkl04 1834001 1835000 0.712
lkl04 1835001 1836000 0.671
lkl04 1836001 1837000 0.66
lkl04 1837001 1838000 0.664
lkl04 1838001 1839000 0.655
lkl04 1839001 1840000 0.712
lkl04 1840001 1841000 0.683
lkl04 1841001 1842000 0.726
lkl04 1842001 1843000 0.704
lkl04 1843001 1844000 0.734
lkl04 1844001 1845000 0.683
lkl04 1845001 1846000 0.7
lkl04 1846001 1847000 0.683
lkl04 1847001 1848000 0.71
lkl04 1848001 1849000 0.735
lkl04 1849001 1850000 0.685
lkl04 1850001 1851000 0.681
lkl04 1851001 1852000 0.673
lkl04 1852001 1853000 0.635
lkl04 1853001 1854000 0.658
lkl04 1854001 1855000 0.628
lkl04 1855001 1856000 0.691
lkl04 1856001 1857000 0.69
lkl04 1857001 1858000 0.683
lkl04 1858001 1859000 0.616
lkl04 1859001 1860000 0.686
lkl04 1860001 1861000 0.662
lkl04 1861001 1862000 0.71
lkl04 1862001 1863000 0.702
lkl04 1863001 1864000 0.702
lkl04 1864001 1865000 0.697
lkl04 1865001 1866000 0.686
lkl04 1866001 1867000 0.717
lkl04 1867001 1868000 0.734
lkl04 1868001 1869000 0.714
lkl04 1869001 1870000 0.696
lkl04 1870001 1871000 0.716
lkl04 1871001 1872000 0.741
lkl04 1872001 1873000 0.701
lkl04 1873001 1874000 0.658
lkl04 1874001 1875000 0.694
lkl04 1875001 1876000 0.679
lkl04 1876001 1877000 0.696
lkl04 1877001 1878000 0.735
lkl04 1878001 1879000 0.74
lkl04 1879001 1880000 0.711
lkl04 1880001 1881000 0.73
lkl04 1881001 1882000 0.712
lkl04 1882001 1883000 0.714
lkl04 1883001 1884000 0.713
lkl04 1884001 1885000 0.695
lkl04 1885001 1886000 0.7
lkl04 1886001 1887000 0.685
lkl04 1887001 1888000 0.699
lkl04 1888001 1889000 0.658
lkl04 1889001 1890000 0.685
lkl04 1890001 1891000 0.655
lkl04 1891001 1892000 0.681
lkl04 1892001 1893000 0.71
lkl04 1893001 1894000 0.758
lkl04 1894001 1895000 0.704
lkl04 1895001 1896000 0.729
lkl04 1896001 1897000 0.732
lkl04 1897001 1898000 0.747
lkl04 1898001 1899000 0.684
lkl04 1899001 1900000 0.74
lkl04 1900001 1901000 0.693
lkl04 1901001 1902000 0.713
lkl04 1902001 1903000 0.668
lkl04 1903001 1904000 0.713
lkl04 1904001 1905000 0.705
lkl04 1905001 1906000 0.694
lkl04 1906001 1907000 0.721
lkl04 1907001 1908000 0.726
lkl04 1908001 1909000 0.702
lkl04 1909001 1910000 0.682
lkl04 1910001 1911000 0.697
lkl04 1911001 1912000 0.702
lkl04 1912001 1913000 0.698
lkl04 1913001 1914000 0.685
lkl04 1914001 1915000 0.67
lkl04 1915001 1916000 0.706
lkl04 1916001 1917000 0.705
lkl04 1917001 1918000 0.695
lkl04 1918001 1919000 0.612
lkl04 1919001 1920000 0.548
lkl04 1920001 1921000 0.558
lkl04 1921001 1922000 0.535
lkl04 1922001 1923000 0.534
lkl04 1923001 1924000 0.558
lkl04 1924001 1925000 0.631
lkl04 1925001 1926000 0.661
lkl04 1926001 1927000 0.671
lkl04 1927001 1928000 0.656
lkl04 1928001 1929000 0.665
lkl04 1929001 1930000 0.657
lkl04 1930001 1931000 0.684
lkl04 1931001 1932000 0.673
lkl04 1932001 1933000 0.68
lkl04 1933001 1934000 0.707
lkl04 1934001 1935000 0.738
lkl04 1935001 1936000 0.727
lkl04 1936001 1937000 0.738
lkl04 1937001 1938000 0.735
lkl04 1938001 1939000 0.746
lkl04 1939001 1940000 0.735
lkl04 1940001 1941000 0.73
lkl04 1941001 1942000 0.717
lkl04 1942001 1943000 0.702
lkl04 1943001 1944000 0.701
lkl04 1944001 1945000 0.703
lkl04 1945001 1946000 0.716
lkl04 1946001 1947000 0.721
lkl04 1947001 1948000 0.68
lkl04 1948001 1949000 0.665
lkl04 1949001 1950000 0.658
lkl04 1950001 1951000 0.692
lkl04 1951001 1952000 0.673
lkl04 1952001 1953000 0.709
lkl04 1953001 1954000 0.717
lkl04 1954001 1955000 0.745
lkl04 1955001 1956000 0.719
lkl04 1956001 1957000 0.701
lkl04 1957001 1958000 0.732
lkl04 1958001 1959000 0.674
lkl04 1959001 1960000 0.693
lkl04 1960001 1961000 0.658
lkl04 1961001 1962000 0.674
lkl04 1962001 1963000 0.644
lkl04 1963001 1964000 0.66
lkl04 1964001 1965000 0.67
lkl04 1965001 1966000 0.653
lkl04 1966001 1967000 0.679
lkl04 1967001 1968000 0.682
lkl04 1968001 1969000 0.614
lkl04 1969001 1970000 0.603
lkl04 1970001 1971000 0.611
lkl04 1971001 1972000 0.585
lkl04 1972001 1973000 0.602
lkl04 1973001 1974000 0.609
lkl04 1974001 1975000 0.613
lkl04 1975001 1976000 0.639
lkl04 1976001 1977000 0.636
lkl04 1977001 1978000 0.676
lkl04 1978001 1979000 0.704
lkl04 1979001 1980000 0.716
lkl04 1980001 1981000 0.716
lkl04 1981001 1982000 0.694
lkl04 1982001 1983000 0.708
lkl04 1983001 1984000 0.697
lkl04 1984001 1985000 0.676
lkl04 1985001 1986000 0.697
lkl04 1986001 1987000 0.693
lkl04 1987001 1988000 0.718
lkl04 1988001 1989000 0.717
lkl04 1989001 1990000 0.709
lkl04 1990001 1991000 0.683
lkl04 1991001 1992000 0.696
lkl04 1992001 1993000 0.715
lkl04 1993001 1994000 0.691
lkl04 1994001 1995000 0.643
lkl04 1995001 1996000 0.684
lkl04 1996001 1997000 0.67
lkl04 1997001 1998000 0.681
lkl04 1998001 1999000 0.738
lkl04 1999001 2000000 0.73
lkl04 2000001 2001000 0.725
lkl04 2001001 2002000 0.734
lkl04 2002001 2003000 0.736
lkl04 2003001 2004000 0.672
lkl04 2004001 2005000 0.67
lkl04 2005001 2006000 0.648
lkl04 2006001 2007000 0.711
lkl04 2007001 2008000 0.734
lkl04 2008001 2009000 0.687
lkl04 2009001 2010000 0.693
lkl04 2010001 2011000 0.663
lkl04 2011001 2012000 0.647
lkl04 2012001 2013000 0.692
lkl04 2013001 2014000 0.661
lkl04 2014001 2015000 0.633
lkl04 2015001 2016000 0.649
lkl04 2016001 2017000 0.673
lkl04 2017001 2018000 0.651
lkl04 2018001 2019000 0.648
lkl04 2019001 2020000 0.658
lkl04 2020001 2021000 0.648
lkl04 2021001 2022000 0.65
lkl04 2022001 2023000 0.644
lkl04 2023001 2024000 0.653
lkl04 2024001 2025000 0.653
lkl04 2025001 2026000 0.654
lkl04 2026001 2027000 0.712
lkl04 2027001 2028000 0.74
lkl04 2028001 2029000 0.729
lkl04 2029001 2030000 0.719
lkl04 2030001 2031000 0.726
lkl04 2031001 2032000 0.682
lkl04 2032001 2033000 0.674
lkl04 2033001 2034000 0.665
lkl04 2034001 2035000 0.661
lkl04 2035001 2036000 0.629
lkl04 2036001 2037000 0.67
lkl04 2037001 2038000 0.679
lkl04 2038001 2039000 0.646
lkl04 2039001 2040000 0.714
lkl04 2040001 2041000 0.782
lkl04 2041001 2042000 0.761
lkl04 2042001 2043000 0.697
lkl04 2043001 2044000 0.705
lkl04 2044001 2045000 0.698
lkl04 2045001 2046000 0.716
lkl04 2046001 2047000 0.672
lkl04 2047001 2048000 0.722
lkl04 2048001 2049000 0.696
lkl04 2049001 2050000 0.695
lkl04 2050001 2051000 0.696
lkl04 2051001 2052000 0.651
lkl04 2052001 2053000 0.668
lkl04 2053001 2054000 0.687
lkl04 2054001 2055000 0.687
lkl04 2055001 2056000 0.693
lkl04 2056001 2057000 0.725
lkl04 2057001 2058000 0.722
lkl04 2058001 2059000 0.743
lkl04 2059001 2060000 0.722
lkl04 2060001 2061000 0.73
lkl04 2061001 2062000 0.717
lkl04 2062001 2063000 0.748
lkl04 2063001 2064000 0.701
lkl04 2064001 2065000 0.68
lkl04 2065001 2066000 0.732
lkl04 2066001 2067000 0.715
lkl04 2067001 2068000 0.73
lkl04 2068001 2069000 0.726
lkl04 2069001 2070000 0.754
lkl04 2070001 2071000 0.736
lkl04 2071001 2072000 0.749
lkl04 2072001 2073000 0.705
lkl04 2073001 2074000 0.711
lkl04 2074001 2075000 0.74
lkl04 2075001 2076000 0.738
lkl04 2076001 2077000 0.71
lkl04 2077001 2078000 0.704
lkl04 2078001 2079000 0.709
lkl04 2079001 2080000 0.71
lkl04 2080001 2081000 0.708
lkl04 2081001 2082000 0.693
lkl04 2082001 2083000 0.674
lkl04 2083001 2084000 0.709
lkl04 2084001 2085000 0.74
lkl04 2085001 2086000 0.699
lkl04 2086001 2087000 0.71
lkl04 2087001 2088000 0.678
lkl04 2088001 2089000 0.725
lkl04 2089001 2090000 0.745
lkl04 2090001 2091000 0.716
lkl04 2091001 2092000 0.673
lkl04 2092001 2093000 0.687
lkl04 2093001 2094000 0.709
lkl04 2094001 2095000 0.71
lkl04 2095001 2096000 0.713
lkl04 2096001 2097000 0.684
lkl04 2097001 2098000 0.686
lkl04 2098001 2099000 0.745
lkl04 2099001 2100000 0.734
lkl04 2100001 2101000 0.695
lkl04 2101001 2102000 0.675
lkl04 2102001 2103000 0.71
lkl04 2103001 2104000 0.706
lkl04 2104001 2105000 0.723
lkl04 2105001 2106000 0.696
lkl04 2106001 2107000 0.706
lkl04 2107001 2108000 0.675
lkl04 2108001 2109000 0.665
lkl04 2109001 2110000 0.692
lkl04 2110001 2111000 0.657
lkl04 2111001 2112000 0.678
lkl04 2112001 2113000 0.693
lkl04 2113001 2114000 0.656
lkl04 2114001 2115000 0.735
lkl04 2115001 2116000 0.692
lkl04 2116001 2117000 0.7
lkl04 2117001 2118000 0.719
lkl04 2118001 2119000 0.718
lkl04 2119001 2120000 0.718
lkl04 2120001 2121000 0.706
lkl04 2121001 2122000 0.713
lkl04 2122001 2123000 0.714
lkl04 2123001 2124000 0.716
lkl04 2124001 2125000 0.702
lkl04 2125001 2126000 0.713
lkl04 2126001 2127000 0.746
lkl04 2127001 2128000 0.726
lkl04 2128001 2129000 0.692
lkl04 2129001 2130000 0.702
lkl04 2130001 2131000 0.73
lkl04 2131001 2132000 0.722
lkl04 2132001 2133000 0.707
lkl04 2133001 2134000 0.668
lkl04 2134001 2135000 0.664
lkl04 2135001 2136000 0.724
lkl04 2136001 2137000 0.711
lkl04 2137001 2138000 0.704
lkl04 2138001 2139000 0.718
lkl04 2139001 2140000 0.732
lkl04 2140001 2141000 0.71
lkl04 2141001 2142000 0.707
lkl04 2142001 2143000 0.71
lkl04 2143001 2144000 0.713
lkl04 2144001 2145000 0.719
lkl04 2145001 2146000 0.706
lkl04 2146001 2147000 0.71
lkl04 2147001 2148000 0.675
lkl04 2148001 2149000 0.691
lkl04 2149001 2150000 0.699
lkl04 2150001 2151000 0.701
lkl04 2151001 2152000 0.68
lkl04 2152001 2153000 0.703
lkl04 2153001 2154000 0.73
lkl04 2154001 2155000 0.752
lkl04 2155001 2156000 0.714
lkl04 2156001 2157000 0.723
lkl04 2157001 2158000 0.713
lkl04 2158001 2159000 0.707
lkl04 2159001 2160000 0.71
lkl04 2160001 2161000 0.723
lkl04 2161001 2162000 0.731
lkl04 2162001 2163000 0.757
lkl04 2163001 2164000 0.751
lkl04 2164001 2165000 0.739
lkl04 2165001 2166000 0.704
lkl04 2166001 2167000 0.702
lkl04 2167001 2168000 0.683
lkl04 2168001 2169000 0.694
lkl04 2169001 2170000 0.666
lkl04 2170001 2171000 0.67
lkl04 2171001 2172000 0.655
lkl04 2172001 2173000 0.715
lkl04 2173001 2174000 0.707
lkl04 2174001 2175000 0.705
lkl04 2175001 2176000 0.723
lkl04 2176001 2177000 0.718
lkl04 2177001 2178000 0.738
lkl04 2178001 2179000 0.704
lkl04 2179001 2180000 0.685
lkl04 2180001 2181000 0.689
lkl04 2181001 2182000 0.732
lkl04 2182001 2183000 0.707
lkl04 2183001 2184000 0.721
lkl04 2184001 2185000 0.714
lkl04 2185001 2186000 0.727
lkl04 2186001 2187000 0.722
lkl04 2187001 2188000 0.738
lkl04 2188001 2189000 0.61
lkl04 2189001 2190000 0.737
lkl04 2190001 2191000 0.724
lkl04 2191001 2192000 0.705
lkl04 2192001 2193000 0.712
lkl04 2193001 2194000 0.71
lkl04 2194001 2195000 0.716
lkl04 2195001 2196000 0.787
lkl04 2196001 2197000 0.736
lkl04 2197001 2198000 0.717
lkl04 2198001 2199000 0.698
lkl04 2199001 2200000 0.692
lkl04 2200001 2201000 0.688
lkl04 2201001 2202000 0.676
lkl04 2202001 2203000 0.751
lkl04 2203001 2204000 0.685
lkl04 2204001 2205000 0.67
lkl04 2205001 2206000 0.746
lkl04 2206001 2207000 0.72
lkl04 2207001 2208000 0.728
lkl04 2208001 2209000 0.718
lkl04 2209001 2210000 0.7
lkl04 2210001 2211000 0.684
lkl04 2211001 2212000 0.736
lkl04 2212001 2213000 0.736
lkl04 2213001 2214000 0.73
lkl04 2214001 2215000 0.712
lkl04 2215001 2216000 0.675
lkl04 2216001 2217000 0.669
lkl04 2217001 2218000 0.705
lkl04 2218001 2219000 0.718
lkl04 2219001 2220000 0.726
lkl04 2220001 2221000 0.673
lkl04 2221001 2222000 0.711
lkl04 2222001 2223000 0.726
lkl04 2223001 2224000 0.689
lkl04 2224001 2225000 0.703
lkl04 2225001 2226000 0.678
lkl04 2226001 2227000 0.746
lkl04 2227001 2228000 0.722
lkl04 2228001 2229000 0.742
lkl04 2229001 2230000 0.7
lkl04 2230001 2231000 0.713
lkl04 2231001 2232000 0.742
lkl04 2232001 2233000 0.698
lkl04 2233001 2234000 0.709
lkl04 2234001 2235000 0.721
lkl04 2235001 2236000 0.739
lkl04 2236001 2237000 0.732
lkl04 2237001 2238000 0.686
lkl04 2238001 2239000 0.687
lkl04 2239001 2240000 0.68
lkl04 2240001 2241000 0.695
lkl04 2241001 2242000 0.689
lkl04 2242001 2243000 0.706
lkl04 2243001 2244000 0.706
lkl04 2244001 2245000 0.684
lkl04 2245001 2246000 0.706
lkl04 2246001 2247000 0.71
lkl04 2247001 2248000 0.735
lkl04 2248001 2249000 0.708
lkl04 2249001 2250000 0.708
lkl04 2250001 2251000 0.657
lkl04 2251001 2252000 0.658
lkl04 2252001 2253000 0.746
lkl04 2253001 2254000 0.716
lkl04 2254001 2255000 0.713
lkl04 2255001 2256000 0.7
lkl04 2256001 2257000 0.745
lkl04 2257001 2258000 0.679
lkl04 2258001 2259000 0.739
lkl04 2259001 2260000 0.73
lkl04 2260001 2261000 0.72
lkl04 2261001 2262000 0.714
lkl04 2262001 2263000 0.682
lkl04 2263001 2264000 0.702
lkl04 2264001 2265000 0.707
lkl04 2265001 2266000 0.688
lkl04 2266001 2267000 0.704
lkl04 2267001 2268000 0.714
lkl04 2268001 2269000 0.731
lkl04 2269001 2270000 0.719
lkl04 2270001 2271000 0.701
lkl04 2271001 2272000 0.729
lkl04 2272001 2273000 0.719
lkl04 2273001 2274000 0.741
lkl04 2274001 2275000 0.741
lkl04 2275001 2276000 0.707
lkl04 2276001 2277000 0.695
lkl04 2277001 2278000 0.695
lkl04 2278001 2279000 0.706
lkl04 2279001 2280000 0.757
lkl04 2280001 2281000 0.763
lkl04 2281001 2282000 0.713
lkl04 2282001 2283000 0.707
lkl04 2283001 2284000 0.698
lkl04 2284001 2285000 0.716
lkl04 2285001 2286000 0.759
lkl04 2286001 2287000 0.719
lkl04 2287001 2288000 0.739
lkl04 2288001 2289000 0.742
lkl04 2289001 2290000 0.669
lkl04 2290001 2291000 0.695
lkl04 2291001 2292000 0.734
lkl04 2292001 2293000 0.689
lkl04 2293001 2294000 0.706
lkl04 2294001 2295000 0.732
lkl04 2295001 2296000 0.708
lkl04 2296001 2297000 0.687
lkl04 2297001 2298000 0.723
lkl04 2298001 2299000 0.731
lkl04 2299001 2300000 0.751
lkl04 2300001 2301000 0.71
lkl04 2301001 2302000 0.627
lkl04 2302001 2303000 0.599
lkl04 2303001 2304000 0.638
lkl04 2304001 2305000 0.671
lkl04 2305001 2306000 0.698
lkl04 2306001 2307000 0.651
lkl04 2307001 2308000 0.675
lkl04 2308001 2309000 0.66
lkl04 2309001 2310000 0.663
lkl04 2310001 2311000 0.692
lkl04 2311001 2312000 0.678
lkl04 2312001 2313000 0.697
lkl04 2313001 2314000 0.7
lkl04 2314001 2315000 0.678
lkl04 2315001 2316000 0.697
lkl04 2316001 2317000 0.688
lkl04 2317001 2318000 0.668
lkl04 2318001 2319000 0.696
lkl04 2319001 2320000 0.736
lkl04 2320001 2321000 0.699
lkl04 2321001 2322000 0.732
lkl04 2322001 2323000 0.76
lkl04 2323001 2324000 0.759
lkl04 2324001 2325000 0.746
lkl04 2325001 2326000 0.732
lkl04 2326001 2327000 0.7
lkl04 2327001 2328000 0.711
lkl04 2328001 2329000 0.686
lkl04 2329001 2330000 0.686
lkl04 2330001 2331000 0.689
lkl04 2331001 2332000 0.708
lkl04 2332001 2333000 0.718
lkl04 2333001 2334000 0.733
lkl04 2334001 2335000 0.654
lkl04 2335001 2336000 0.633
lkl04 2336001 2337000 0.658
lkl04 2337001 2338000 0.636
lkl04 2338001 2339000 0.674
lkl04 2339001 2340000 0.668
lkl04 2340001 2341000 0.641
lkl04 2341001 2342000 0.625
lkl04 2342001 2343000 0.622
lkl04 2343001 2344000 0.624
lkl04 2344001 2345000 0.626
lkl04 2345001 2346000 0.6
lkl04 2346001 2347000 0.62
lkl04 2347001 2348000 0.607
lkl04 2348001 2349000 0.652
lkl04 2349001 2350000 0.658
lkl04 2350001 2351000 0.651
lkl04 2351001 2352000 0.652
lkl04 2352001 2353000 0.651
lkl04 2353001 2354000 0.674
lkl04 2354001 2355000 0.632
lkl04 2355001 2356000 0.664
lkl04 2356001 2357000 0.735
lkl04 2357001 2358000 0.729
lkl04 2358001 2359000 0.697
lkl04 2359001 2360000 0.711
lkl04 2360001 2361000 0.707
lkl04 2361001 2362000 0.704
lkl04 2362001 2363000 0.696
lkl04 2363001 2364000 0.65
lkl04 2364001 2365000 0.667
lkl04 2365001 2366000 0.711
lkl04 2366001 2367000 0.706
lkl04 2367001 2368000 0.708
lkl04 2368001 2369000 0.745
lkl04 2369001 2370000 0.7
lkl04 2370001 2371000 0.709
lkl04 2371001 2372000 0.711
lkl04 2372001 2373000 0.716
lkl04 2373001 2374000 0.723
lkl04 2374001 2375000 0.72
lkl04 2375001 2376000 0.727
lkl04 2376001 2377000 0.697
lkl04 2377001 2378000 0.732
lkl04 2378001 2379000 0.691
lkl04 2379001 2380000 0.696
lkl04 2380001 2381000 0.716
lkl04 2381001 2382000 0.704
lkl04 2382001 2383000 0.657
lkl04 2383001 2384000 0.669
lkl04 2384001 2385000 0.694
lkl04 2385001 2386000 0.67
lkl04 2386001 2387000 0.707
lkl04 2387001 2388000 0.725
lkl04 2388001 2389000 0.676
lkl04 2389001 2390000 0.703
lkl04 2390001 2391000 0.696
lkl04 2391001 2392000 0.679
lkl04 2392001 2393000 0.71
lkl04 2393001 2394000 0.697
lkl04 2394001 2395000 0.704
lkl04 2395001 2396000 0.699
lkl04 2396001 2397000 0.729
lkl04 2397001 2398000 0.697
lkl04 2398001 2399000 0.727
lkl04 2399001 2400000 0.737
lkl04 2400001 2401000 0.703
lkl04 2401001 2402000 0.667
lkl04 2402001 2403000 0.687
lkl04 2403001 2404000 0.715
lkl04 2404001 2405000 0.726
lkl04 2405001 2406000 0.728
lkl04 2406001 2407000 0.72
lkl04 2407001 2408000 0.72
lkl04 2408001 2409000 0.709
lkl04 2409001 2410000 0.671
lkl04 2410001 2411000 0.704
lkl04 2411001 2412000 0.693
lkl04 2412001 2413000 0.708
lkl04 2413001 2414000 0.705
lkl04 2414001 2415000 0.664
lkl04 2415001 2416000 0.682
lkl04 2416001 2417000 0.71
lkl04 2417001 2418000 0.681
lkl04 2418001 2419000 0.702
lkl04 2419001 2420000 0.716
lkl04 2420001 2421000 0.676
lkl04 2421001 2422000 0.701
lkl04 2422001 2423000 0.685
lkl04 2423001 2424000 0.713
lkl04 2424001 2425000 0.705
lkl04 2425001 2426000 0.682
lkl04 2426001 2427000 0.675
lkl04 2427001 2428000 0.654
lkl04 2428001 2429000 0.652
lkl04 2429001 2430000 0.753
lkl04 2430001 2431000 0.714
lkl04 2431001 2432000 0.706
lkl04 2432001 2433000 0.69
lkl04 2433001 2434000 0.689
lkl04 2434001 2435000 0.697
lkl04 2435001 2436000 0.698
lkl04 2436001 2437000 0.665
lkl04 2437001 2438000 0.71
lkl04 2438001 2439000 0.728
lkl04 2439001 2440000 0.713
lkl04 2440001 2441000 0.701
lkl04 2441001 2442000 0.669
lkl04 2442001 2443000 0.705
lkl04 2443001 2444000 0.713
lkl04 2444001 2445000 0.711
lkl04 2445001 2446000 0.727
lkl04 2446001 2447000 0.7
lkl04 2447001 2448000 0.732
lkl04 2448001 2449000 0.701
lkl04 2449001 2450000 0.659
lkl04 2450001 2451000 0.655
lkl04 2451001 2452000 0.651
lkl04 2452001 2453000 0.706
lkl04 2453001 2454000 0.713
lkl04 2454001 2455000 0.687
lkl04 2455001 2456000 0.677
lkl04 2456001 2457000 0.737
lkl04 2457001 2458000 0.712
lkl04 2458001 2459000 0.724
lkl04 2459001 2460000 0.69
lkl04 2460001 2461000 0.721
lkl04 2461001 2462000 0.686
lkl04 2462001 2463000 0.714
lkl04 2463001 2464000 0.74
lkl04 2464001 2465000 0.704
lkl04 2465001 2466000 0.705
lkl04 2466001 2467000 0.678
lkl04 2467001 2468000 0.727
lkl04 2468001 2469000 0.703
lkl04 2469001 2470000 0.711
lkl04 2470001 2471000 0.741
lkl04 2471001 2472000 0.727
lkl04 2472001 2473000 0.732
lkl04 2473001 2474000 0.727
lkl04 2474001 2475000 0.686
lkl04 2475001 2476000 0.697
lkl04 2476001 2477000 0.677
lkl04 2477001 2478000 0.693
lkl04 2478001 2479000 0.659
lkl04 2479001 2480000 0.665
lkl04 2480001 2481000 0.629
lkl04 2481001 2482000 0.677
lkl04 2482001 2483000 0.631
lkl04 2483001 2484000 0.681
lkl04 2484001 2485000 0.644
lkl04 2485001 2486000 0.63
lkl04 2486001 2487000 0.688
lkl04 2487001 2488000 0.684
lkl04 2488001 2489000 0.688
lkl04 2489001 2490000 0.655
lkl04 2490001 2491000 0.664
lkl04 2491001 2492000 0.676
lkl04 2492001 2493000 0.669
lkl04 2493001 2494000 0.662
lkl04 2494001 2495000 0.684
lkl04 2495001 2496000 0.657
lkl04 2496001 2497000 0.664
lkl04 2497001 2498000 0.672
lkl04 2498001 2499000 0.682
lkl04 2499001 2500000 0.662
lkl04 2500001 2501000 0.688
lkl04 2501001 2502000 0.697
lkl04 2502001 2503000 0.694
lkl04 2503001 2504000 0.714
lkl04 2504001 2505000 0.671
lkl04 2505001 2506000 0.689
lkl04 2506001 2507000 0.66
lkl04 2507001 2508000 0.686
lkl04 2508001 2509000 0.695
lkl04 2509001 2510000 0.695
lkl04 2510001 2511000 0.64
lkl04 2511001 2512000 0.627
lkl04 2512001 2513000 0.661
lkl04 2513001 2514000 0.637
lkl04 2514001 2515000 0.61
lkl04 2515001 2516000 0.682
lkl04 2516001 2517000 0.658
lkl04 2517001 2518000 0.656
lkl04 2518001 2519000 0.64
lkl04 2519001 2520000 0.645
lkl04 2520001 2521000 0.642
lkl04 2521001 2522000 0.656
lkl04 2522001 2523000 0.675
lkl04 2523001 2524000 0.707
lkl04 2524001 2525000 0.7
lkl04 2525001 2526000 0.71
lkl04 2526001 2527000 0.652
lkl04 2527001 2528000 0.69
lkl04 2528001 2529000 0.686
lkl04 2529001 2530000 0.705
lkl04 2530001 2531000 0.699
lkl04 2531001 2532000 0.701
lkl04 2532001 2533000 0.705
lkl04 2533001 2534000 0.692
lkl04 2534001 2535000 0.666
lkl04 2535001 2536000 0.68
lkl04 2536001 2537000 0.707
lkl04 2537001 2538000 0.725
lkl04 2538001 2539000 0.71
lkl04 2539001 2540000 0.731
lkl04 2540001 2541000 0.679
lkl04 2541001 2542000 0.669
lkl04 2542001 2543000 0.671
lkl04 2543001 2544000 0.696
lkl04 2544001 2545000 0.684
lkl04 2545001 2546000 0.691
lkl04 2546001 2547000 0.701
lkl04 2547001 2548000 0.711
lkl04 2548001 2549000 0.729
lkl04 2549001 2550000 0.7
lkl04 2550001 2551000 0.741
lkl04 2551001 2552000 0.666
lkl04 2552001 2553000 0.722
lkl04 2553001 2554000 0.723
lkl04 2554001 2555000 0.701
lkl04 2555001 2556000 0.693
lkl04 2556001 2557000 0.689
lkl04 2557001 2558000 0.74
lkl04 2558001 2559000 0.724
lkl04 2559001 2560000 0.685
lkl04 2560001 2561000 0.696
lkl04 2561001 2562000 0.673
lkl04 2562001 2563000 0.663
lkl04 2563001 2564000 0.674
lkl04 2564001 2565000 0.678
lkl04 2565001 2566000 0.702
lkl04 2566001 2567000 0.698
lkl04 2567001 2568000 0.669
lkl04 2568001 2569000 0.722
lkl04 2569001 2570000 0.753
lkl04 2570001 2571000 0.727
lkl04 2571001 2572000 0.704
lkl04 2572001 2573000 0.695
lkl04 2573001 2574000 0.676
lkl04 2574001 2575000 0.673
lkl04 2575001 2576000 0.703
lkl04 2576001 2577000 0.668
lkl04 2577001 2578000 0.67
lkl04 2578001 2579000 0.695
lkl04 2579001 2580000 0.702
lkl04 2580001 2581000 0.69
lkl04 2581001 2582000 0.683
lkl04 2582001 2583000 0.682
lkl04 2583001 2584000 0.714
lkl04 2584001 2585000 0.71
lkl04 2585001 2586000 0.717
lkl04 2586001 2587000 0.737
lkl04 2587001 2588000 0.721
lkl04 2588001 2589000 0.71
lkl04 2589001 2590000 0.716
lkl04 2590001 2591000 0.711
lkl04 2591001 2592000 0.722
lkl04 2592001 2593000 0.725
lkl04 2593001 2594000 0.688
lkl04 2594001 2595000 0.663
lkl04 2595001 2596000 0.654
lkl04 2596001 2597000 0.667
lkl04 2597001 2598000 0.707
lkl04 2598001 2599000 0.682
lkl04 2599001 2600000 0.72
lkl04 2600001 2601000 0.694
lkl04 2601001 2602000 0.686
lkl04 2602001 2603000 0.719
lkl04 2603001 2604000 0.688
lkl04 2604001 2605000 0.689
lkl04 2605001 2606000 0.722
lkl04 2606001 2607000 0.73
lkl04 2607001 2608000 0.723
lkl04 2608001 2609000 0.696
lkl04 2609001 2610000 0.714
lkl04 2610001 2611000 0.672
lkl04 2611001 2612000 0.679
lkl04 2612001 2613000 0.698
lkl04 2613001 2614000 0.696
lkl04 2614001 2615000 0.695
lkl04 2615001 2616000 0.643
lkl04 2616001 2617000 0.704
lkl04 2617001 2618000 0.668
lkl04 2618001 2619000 0.68
lkl04 2619001 2620000 0.7
lkl04 2620001 2621000 0.714
lkl04 2621001 2622000 0.713
lkl04 2622001 2623000 0.718
lkl04 2623001 2624000 0.698
lkl04 2624001 2625000 0.684
lkl04 2625001 2626000 0.689
lkl04 2626001 2627000 0.681
lkl04 2627001 2628000 0.685
lkl04 2628001 2629000 0.693
lkl04 2629001 2630000 0.667
lkl04 2630001 2631000 0.703
lkl04 2631001 2632000 0.709
lkl04 2632001 2633000 0.732
lkl04 2633001 2634000 0.734
lkl04 2634001 2635000 0.721
lkl04 2635001 2636000 0.735
lkl04 2636001 2637000 0.719
lkl04 2637001 2638000 0.702
lkl04 2638001 2639000 0.685
lkl04 2639001 2640000 0.68
lkl04 2640001 2641000 0.736
lkl04 2641001 2642000 0.719
lkl04 2642001 2643000 0.72
lkl04 2643001 2644000 0.733
lkl04 2644001 2645000 0.724
lkl04 2645001 2646000 0.71
lkl04 2646001 2647000 0.703
lkl04 2647001 2648000 0.689
lkl04 2648001 2649000 0.705
lkl04 2649001 2650000 0.73
lkl04 2650001 2651000 0.738
lkl04 2651001 2652000 0.701
lkl04 2652001 2653000 0.693
lkl04 2653001 2654000 0.713
lkl04 2654001 2655000 0.692
lkl04 2655001 2656000 0.681
lkl04 2656001 2657000 0.714
lkl04 2657001 2658000 0.708
lkl04 2658001 2659000 0.718
lkl04 2659001 2660000 0.68
lkl04 2660001 2661000 0.697
lkl04 2661001 2662000 0.696
lkl04 2662001 2663000 0.651
lkl04 2663001 2664000 0.679
lkl04 2664001 2665000 0.689
lkl04 2665001 2666000 0.689
lkl04 2666001 2667000 0.684
lkl04 2667001 2668000 0.691
lkl04 2668001 2669000 0.685
lkl04 2669001 2670000 0.723
lkl04 2670001 2671000 0.665
lkl04 2671001 2672000 0.724
lkl04 2672001 2673000 0.725
lkl04 2673001 2674000 0.704
lkl04 2674001 2675000 0.707
lkl04 2675001 2676000 0.725
lkl04 2676001 2677000 0.706
lkl04 2677001 2678000 0.768
lkl04 2678001 2679000 0.71
lkl04 2679001 2680000 0.728
lkl04 2680001 2681000 0.73
lkl04 2681001 2682000 0.688
lkl04 2682001 2683000 0.71
lkl04 2683001 2684000 0.756
lkl04 2684001 2685000 0.696
lkl04 2685001 2686000 0.711
lkl04 2686001 2687000 0.694
lkl04 2687001 2688000 0.7
lkl04 2688001 2689000 0.708
lkl04 2689001 2690000 0.653
lkl04 2690001 2691000 0.645
lkl04 2691001 2692000 0.66
lkl04 2692001 2693000 0.674
lkl04 2693001 2694000 0.677
lkl04 2694001 2695000 0.688
lkl04 2695001 2696000 0.678
lkl04 2696001 2697000 0.689
lkl04 2697001 2698000 0.666
lkl04 2698001 2699000 0.656
lkl04 2699001 2700000 0.685
lkl04 2700001 2701000 0.687
lkl04 2701001 2702000 0.684
lkl04 2702001 2703000 0.694
lkl04 2703001 2704000 0.67
lkl04 2704001 2705000 0.688
lkl04 2705001 2706000 0.688
lkl04 2706001 2707000 0.705
lkl04 2707001 2708000 0.687
lkl04 2708001 2709000 0.716
lkl04 2709001 2710000 0.687
lkl04 2710001 2711000 0.71
lkl04 2711001 2712000 0.715
lkl04 2712001 2713000 0.734
lkl04 2713001 2714000 0.686
lkl04 2714001 2715000 0.709
lkl04 2715001 2716000 0.693
lkl04 2716001 2717000 0.716
lkl04 2717001 2718000 0.691
lkl04 2718001 2719000 0.679
lkl04 2719001 2720000 0.715
lkl04 2720001 2721000 0.692
lkl04 2721001 2722000 0.711
lkl04 2722001 2723000 0.73
lkl04 2723001 2724000 0.696
lkl04 2724001 2725000 0.671
lkl04 2725001 2726000 0.706
lkl04 2726001 2727000 0.7
lkl04 2727001 2728000 0.735
lkl04 2728001 2729000 0.682
lkl04 2729001 2730000 0.665
lkl04 2730001 2731000 0.7
lkl04 2731001 2732000 0.734
lkl04 2732001 2733000 0.735
lkl04 2733001 2734000 0.709
lkl04 2734001 2735000 0.714
lkl04 2735001 2736000 0.726
lkl04 2736001 2737000 0.73
lkl04 2737001 2738000 0.726
lkl04 2738001 2739000 0.684
lkl04 2739001 2740000 0.72
lkl04 2740001 2741000 0.723
lkl04 2741001 2742000 0.696
lkl04 2742001 2743000 0.696
lkl04 2743001 2744000 0.662
lkl04 2744001 2745000 0.689
lkl04 2745001 2746000 0.697
lkl04 2746001 2747000 0.724
lkl04 2747001 2748000 0.664
lkl04 2748001 2749000 0.675
lkl04 2749001 2750000 0.667
lkl04 2750001 2751000 0.699
lkl04 2751001 2752000 0.693
lkl04 2752001 2753000 0.721
lkl04 2753001 2754000 0.733
lkl04 2754001 2755000 0.7
lkl04 2755001 2756000 0.674
lkl04 2756001 2757000 0.697
lkl04 2757001 2758000 0.71
lkl04 2758001 2759000 0.702
lkl04 2759001 2760000 0.681
lkl04 2760001 2761000 0.672
lkl04 2761001 2762000 0.673
lkl04 2762001 2763000 0.689
lkl04 2763001 2764000 0.709
lkl04 2764001 2765000 0.665
lkl04 2765001 2766000 0.688
lkl04 2766001 2767000 0.692
lkl04 2767001 2768000 0.736
lkl04 2768001 2769000 0.726
lkl04 2769001 2770000 0.726
lkl04 2770001 2771000 0.729
lkl04 2771001 2772000 0.735
lkl04 2772001 2773000 0.713
lkl04 2773001 2774000 0.717
lkl04 2774001 2775000 0.723
lkl04 2775001 2776000 0.745
lkl04 2776001 2777000 0.721
lkl04 2777001 2778000 0.692
lkl04 2778001 2779000 0.72
lkl04 2779001 2780000 0.713
lkl04 2780001 2781000 0.703
lkl04 2781001 2782000 0.692
lkl04 2782001 2783000 0.735
lkl04 2783001 2784000 0.698
lkl04 2784001 2785000 0.707
lkl04 2785001 2786000 0.711
lkl04 2786001 2787000 0.687
lkl04 2787001 2788000 0.708
lkl04 2788001 2789000 0.718
lkl04 2789001 2790000 0.722
lkl04 2790001 2791000 0.725
lkl04 2791001 2792000 0.693
lkl04 2792001 2793000 0.712
lkl04 2793001 2794000 0.709
lkl04 2794001 2795000 0.719
lkl04 2795001 2796000 0.707
lkl04 2796001 2797000 0.733
lkl04 2797001 2798000 0.716
lkl04 2798001 2799000 0.7
lkl04 2799001 2800000 0.706
lkl04 2800001 2801000 0.723
lkl04 2801001 2802000 0.744
lkl04 2802001 2803000 0.75
lkl04 2803001 2804000 0.74
lkl04 2804001 2805000 0.716
lkl04 2805001 2806000 0.734
lkl04 2806001 2807000 0.71
lkl04 2807001 2808000 0.678
lkl04 2808001 2809000 0.713
lkl04 2809001 2810000 0.709
lkl04 2810001 2811000 0.681
lkl04 2811001 2812000 0.72
lkl04 2812001 2813000 0.72
lkl04 2813001 2814000 0.689
lkl04 2814001 2815000 0.713
lkl04 2815001 2816000 0.709
lkl04 2816001 2817000 0.681
lkl04 2817001 2818000 0.707
lkl04 2818001 2819000 0.706
lkl04 2819001 2820000 0.684
lkl04 2820001 2821000 0.689
lkl04 2821001 2822000 0.67
lkl04 2822001 2823000 0.697
lkl04 2823001 2824000 0.7
lkl04 2824001 2825000 0.697
lkl04 2825001 2826000 0.742
lkl04 2826001 2827000 0.742
lkl04 2827001 2828000 0.714
lkl04 2828001 2829000 0.742
lkl04 2829001 2830000 0.746
lkl04 2830001 2831000 0.736
lkl04 2831001 2832000 0.7
lkl04 2832001 2833000 0.707
lkl04 2833001 2834000 0.753
lkl04 2834001 2835000 0.715
lkl04 2835001 2836000 0.738
lkl04 2836001 2837000 0.63
lkl04 2837001 2838000 0.63
lkl04 2838001 2839000 0.655
lkl04 2839001 2840000 0.674
lkl04 2840001 2841000 0.713
lkl04 2841001 2842000 0.689
lkl04 2842001 2843000 0.72
lkl04 2843001 2844000 0.725
lkl04 2844001 2845000 0.691
lkl04 2845001 2846000 0.719
lkl04 2846001 2847000 0.717
lkl04 2847001 2848000 0.745
lkl04 2848001 2849000 0.741
lkl04 2849001 2850000 0.727
lkl04 2850001 2851000 0.697
lkl04 2851001 2852000 0.672
lkl04 2852001 2853000 0.682
lkl04 2853001 2854000 0.684
lkl04 2854001 2855000 0.702
lkl04 2855001 2856000 0.679
lkl04 2856001 2857000 0.679
lkl04 2857001 2858000 0.662
lkl04 2858001 2859000 0.716
lkl04 2859001 2860000 0.711
lkl04 2860001 2861000 0.729
lkl04 2861001 2862000 0.688
lkl04 2862001 2863000 0.71
lkl04 2863001 2864000 0.703
lkl04 2864001 2865000 0.675
lkl04 2865001 2866000 0.7
lkl04 2866001 2867000 0.717
lkl04 2867001 2868000 0.696
lkl04 2868001 2869000 0.681
lkl04 2869001 2870000 0.728
lkl04 2870001 2871000 0.732
lkl04 2871001 2872000 0.729
lkl04 2872001 2873000 0.716
lkl04 2873001 2874000 0.719
lkl04 2874001 2875000 0.736
lkl04 2875001 2876000 0.727
lkl04 2876001 2877000 0.715
lkl04 2877001 2878000 0.736
lkl04 2878001 2879000 0.701
lkl04 2879001 2880000 0.668
lkl04 2880001 2881000 0.703
lkl04 2881001 2882000 0.675
lkl04 2882001 2883000 0.742
lkl04 2883001 2884000 0.701
lkl04 2884001 2885000 0.729
lkl04 2885001 2886000 0.704
lkl04 2886001 2887000 0.724
lkl04 2887001 2888000 0.718
lkl04 2888001 2889000 0.717
lkl04 2889001 2890000 0.724
lkl04 2890001 2891000 0.698
lkl04 2891001 2892000 0.73
lkl04 2892001 2893000 0.693
lkl04 2893001 2894000 0.719
lkl04 2894001 2895000 0.682
lkl04 2895001 2896000 0.669
lkl04 2896001 2897000 0.684
lkl04 2897001 2898000 0.692
lkl04 2898001 2899000 0.695
lkl04 2899001 2900000 0.736
lkl04 2900001 2901000 0.73
lkl04 2901001 2902000 0.715
lkl04 2902001 2903000 0.776
lkl04 2903001 2904000 0.708
lkl04 2904001 2905000 0.708
lkl04 2905001 2906000 0.727
lkl04 2906001 2907000 0.701
lkl04 2907001 2908000 0.732
lkl04 2908001 2909000 0.716
lkl04 2909001 2910000 0.729
lkl04 2910001 2911000 0.697
lkl04 2911001 2912000 0.687
lkl04 2912001 2913000 0.7
lkl04 2913001 2914000 0.674
lkl04 2914001 2915000 0.702
lkl04 2915001 2916000 0.714
lkl04 2916001 2917000 0.659
lkl04 2917001 2918000 0.653
lkl04 2918001 2919000 0.661
lkl04 2919001 2920000 0.689
lkl04 2920001 2921000 0.731
lkl04 2921001 2922000 0.714
